60
125
0,45825702
0,33640087
0,15281904
0,34311748
0,38950455
0,2653463
0,013695359
0,34223324
-0,2916808
0,48911208
0,20095754
0,22450864
0,34686685
-0,14329562
0,45535415
-0,4875192
0,03418982
0,21604836
0,025230885
-0,31902644
-0,027810752
0,44009048
0,41860563
0,35768175
0,39160633
-0,40491536
-0,17140621
-0,3205914
-0,46528885
-0,3950376
0,14092946
-0,44685894
0,485339
-0,2389392
-0,2280398
-0,46986103
0,119179666
0,30974245
0,49665695
0,37406242
-0,29043567
-0,3046434
0,49131644
-0,109160304
0,09718937
-0,46429878
0,18555903
0,29369116
-0,29769224
0,3751055
0,14858824
0,08368796
-0,3767287
0,25920004
-0,25141576
0,36987716
0,3336013
-0,06247011
0,01962167
-0,11535874
-0,05325088
-0,021818012
0,4741689
-0,2106984
-0,38452137
-0,053848505
0,29934335
0,19131076
-0,31951785
0,054362595
-0,22788727
0,08180499
-0,047044396
-0,43832844
-0,48254624
-0,48449162
0,3554024
0,031873822
0,1345877
0,32789624
-0,35271707
0,47926253
-0,39679933
0,034893632
-0,13362435
-0,1878109
-0,0664475
0,37754416
-0,2814228
0,12979329
-0,30397135
0,36223572
0,2238869
-0,3908584
-0,038539052
0,02419579
0,3376341
0,26827425
0,34876674
0,10917741
0,13749468
0,042759
0,47043985
-0,23439121
0,047452867
-0,19796547
0,35187298
0,022581697
0,13573736
0,33876735
0,19783205
0,37980455
-0,018519789
-0,27569163
0,2651853
-0,13862592
0,15424198
0,2731564
0,07669258
0,35883522
0,25528085
-0,09775126
0,42192388
-0,3481198
-0,07219586
-0,3408897
-0,3029247
-0,0712204
0,32448518
0,18718809
-0,045378506
-0,37445825
-0,41128156
-0,103746325
-0,0887343
0,17842227
-0,32869017
0,46031612
-0,06053117
0,36887068
-0,4941013
0,28532392
0,2001195
0,032357574
-0,25237244
-0,23742387
-0,22877252
-0,44820946
-0,44592506
-0,18831682
-0,39043027
-0,24694535
0,31363857
-0,10509765
0,27048922
0,3893476
-0,0961853
-0,30865678
0,16016746
-0,19775486
0,4714865
-0,10814881
-0,23887411
-0,23095715
-0,25152677
-0,4030654
0,41247576
0,19299883
0,20047265
-0,26261953
0,16217339
0,10884601
-0,3934859
-0,38366622
-0,12631401
-0,3254273
0,29335058
-0,4682681
-0,07282883
0,36980617
-0,39588225
0,47278708
0,32026768
-0,24066353
-0,45679364
-0,0017445982
-0,11820021
0,032179236
0,17159337
-0,33802038
0,42687482
0,47242373
-0,050083876
0,16094118
0,06578469
0,41201442
-0,27335638
-0,48244494
-0,3082561
0,21038151
-0,08769786
0,28798175
-0,08671576
0,16747051
0,2687291
-0,2784555
-0,44929993
0,06469911
-0,2287347
-0,054213345
0,36095506
-0,042850107
0,22472882
0,20973355
0,49972665
0,3369016
0,19347888
-0,110928506
0,4682402
-0,4644258
-0,4242109
0,13218355
0,17903912
0,32151127
0,16187066
0,06982976
0,36813164
-0,28647575
-0,41836193
0,3344714
0,31261098
-0,42308074
0,27857733
-0,029565215
0,35512763
0,29626292
-0,17007613
0,14934671
-0,19769055
-0,4839706
-0,46470845
-0,12711895
-0,11921123
0,20978284
0,052580774
-0,38700604
-0,16055596
0,2559719
-0,40558
0,47999245
-0,0104626715
0,44473785
0,2585082
0,39529765
-0,22146147
0,02778709
0,40976346
-0,4820785
-0,2462245
0,08397579
-0,37636873
-0,060269505
-0,17866778
0,26792145
0,34934282
0,14485222
0,047633827
-0,16591394
0,4150055
0,07531881
-0,2940895
-0,4442514
-0,26000524
0,100343406
0,3680418
-0,4071441
-0,20573673
0,054665565
0,05956304
-0,34798285
-0,4710392
-0,07113111
0,3507654
-0,19254667
0,14964205
0,1136201
-0,24322045
0,10961747
0,22289336
0,27710712
0,23865193
0,2286821
-0,23793828
-0,1399067
0,15209198
-0,06424266
-0,40268534
0,37760133
0,3838328
-0,41163272
0,4953611
-0,44869068
-0,43379444
0,4131754
0,21246725
-0,40722752
0,17844486
0,22195488
-0,18685853
0,21794236
0,17919207
-0,2961766
0,44329512
0,09782368
-0,34614325
-0,11192033
-0,3643241
-0,34151864
0,21888137
0,2939281
0,4293
0,13022077
0,41846925
-0,27958775
0,14581692
-0,329665
0,009042442
-0,35509735
-0,114326775
0,15770155
-0,20366082
-0,07438424
-0,05581245
-0,19859582
0,12552845
0,23483169
-0,24284509
0,1643784
0,44941086
0,4543587
0,1414764
-0,30260223
0,29037458
-0,38149726
0,28656
0,41921222
-0,4721928
0,21795839
0,1275804
0,0992707
-0,28390723
-0,45431215
0,28022903
-0,3471606
-0,41580427
-0,26230574
-0,1889044
-0,43239692
0,26868498
-0,4379909
0,10487652
-0,3290413
-0,11815396
0,04503435
0,013899326
0,2822916
-0,20351365
-0,32778955
0,13549036
-0,341604
0,0003838539
0,13851821
0,12443566
-0,15451336
-0,25967795
-0,3579328
0,42534488
-0,20718977
0,4939397
0,36953652
0,33206022
0,018592
0,458515
0,027818918
-0,18977034
-0,20251235
-0,33873603
0,42742735
0,44330055
-0,3771717
0,16037655
-0,4243779
0,24474132
0,25679362
-0,15232134
-0,45117438
-0,3744395
0,45576972
0,39288348
-0,39381486
-0,4372365
-0,46568155
0,1783256
-0,29067478
-0,2847588
0,28856808
-0,41613668
0,28085887
-0,45961195
0,122881174
-0,121739745
-0,01337105
0,1767087
-0,09725401
-0,0491001
-0,19685018
0,3278854
-0,19188088
-0,45177305
-0,07055685
-0,31357944
0,42707342
0,2453891
0,08503276
-0,49226794
-0,38510484
0,36189365
-0,111040026
-0,1582143
-0,115879595
-0,3228012
-0,14602965
0,0025382638
0,3761562
0,1089831
0,27211106
0,2248432
0,25445217
0,098409116
0,19835061
-0,19426146
0,12747681
-0,34267807
-0,06957781
-0,18787625
-0,057433695
0,16378456
-0,49894166
0,028304875
-0,049414963
0,31269538
-0,25196242
0,3644976
-0,20650011
0,087115526
0,0891183
0,07404381
-0,02003938
-0,25995597
-0,31205747
0,06064135
-0,10731354
-0,15956822
-0,4565421
-0,27880186
0,3113649
-0,16636431
-0,4619141
0,4568951
0,36770934
-0,26621383
-0,13736895
-0,4082896
0,10458624
-0,24249321
0,39693397
0,18797398
0,07682687
0,14102292
-0,27992624
-0,12453249
-0,49469304
-0,17070678
0,45828032
-0,35300934
0,40036583
-0,38426995
0,1758762
-0,19041502
-0,342808
-0,4963438
0,41047144
-0,27095687
0,051374316
-0,013998359
-0,18130139
-0,4304052
0,41053486
0,10858899
-0,46485075
0,42234796
0,24416035
-0,2513684
-0,065396726
-0,45847175
0,23409474
0,43185014
-0,20544195
0,17874789
-0,359033
-0,08330107
-0,045808285
0,24509507
-0,23518535
-0,06869635
0,31819826
0,3689468
-0,44998357
0,14796942
0,3255772
-0,38816026
-0,032791406
-0,34980056
0,27199584
-0,48046765
-0,3568792
0,45863545
0,44821006
-0,013430655
0,48528606
-0,26921666
-0,27743393
-0,23642865
-0,23571306
0,13538468
0,48337495
0,25587034
0,214611
-0,26960325
0,3866983
0,10373789
-0,107887894
-0,15743169
0,07728827
-0,17851329
0,34661984
0,47359258
-0,09935993
0,3212865
-0,0667783
-0,36681953
-0,014244884
0,36219454
0,07834101
-0,2633407
-0,43897477
-0,18551674
0,04826033
0,42707402
-0,31672418
-0,06118834
-0,13451925
0,016911745
-0,33995354
0,3467803
0,29037172
0,1370269
0,165735
0,019474387
0,21135098
-0,18428281
-0,19659871
-0,23630473
0,34200537
-0,41654438
-0,27753252
0,31775248
-0,4200229
0,309574
-0,18186632
0,014772773
-0,3033576
-0,2814323
0,26102734
0,31098616
-0,030876845
-0,45220613
0,3263499
-0,16347897
-0,2658616
-0,4452669
-0,49850923
-0,38529816
-0,03216386
-0,4739689
0,09927589
-0,38513353
0,3371569
0,023656666
0,12710655
-0,24031273
0,19883555
-0,323999
0,016898513
0,31381053
-0,23262042
-0,46644276
-0,15968749
-0,4649537
-0,2915402
0,49793416
0,01641339
-0,35706386
-0,040630788
-0,27076665
0,46951222
0,28052056
0,4397356
-0,16692877
-0,2168228
0,14797348
0,23847783
0,19880825
0,19846982
-0,4924209
-0,3953818
-0,1701726
-0,33669028
-0,2833384
-0,47766376
-0,34029502
-0,014244795
-0,369978
-0,15739709
0,014769793
0,116728544
-0,16442999
-0,020913512
-0,34578016
0,48603374
-0,4855744
0,32092816
-0,28196314
0,13662761
0,118145466
0,0032835603
-0,2761021
-0,23313347
0,045452893
-0,18967846
-0,32903665
-0,42035592
-0,06126842
-0,13444912
-0,37472224
-0,09100798
0,41651547
0,44251978
-0,2917112
0,46674883
-0,20166314
0,46133703
-0,33585083
-0,3829763
-0,20172685
-0,09207782
-0,13792011
0,08679044
-0,45632446
-0,434259
0,025722623
0,02674681
-0,23727629
-0,4710457
0,017602623
-0,20591837
-0,25635076
-0,47775614
-0,34834683
-0,09932539
-0,352135
0,29322827
0,36361068
-0,17172492
0,4029361
-0,31256875
-0,3589416
-0,021936923
-0,4545261
0,29293168
-0,0056124628
0,2665674
0,27526844
0,20498466
0,13332027
-0,011506587
-0,14255992
-0,39623663
-0,43369645
-0,39242023
-0,47867563
-0,3654818
-0,48251694
-0,40580457
-0,2591654
-0,101567924
0,08458179
0,14427322
0,12368691
-0,13082534
-0,06398839
0,070212305
0,026964486
0,14121336
0,099110544
-0,12702975
-0,3013799
0,21048856
0,022609174
-0,050768286
-0,35465002
0,14452839
0,026417911
-0,23270023
0,281673
-0,1731137
-0,12899429
0,31761205
0,2656561
-0,19297478
0,35983276
-0,41104752
-0,27108395
-0,17651886
-0,21592179
-0,31153196
0,47956502
0,25635242
-0,2046062
0,19692576
0,08836162
-0,18194503
-0,22263858
0,3971361
0,3953923
0,11187309
0,12827957
-0,121745974
-0,49348068
0,29990268
-0,22246513
0,14338076
0,18267298
-0,15597346
-0,21348518
0,4496506
-0,137178
0,40615225
0,3596123
-0,11506313
0,4863711
0,35361093
0,45768887
0,45106107
0,4161964
-0,13240418
-0,06895894
-0,14301884
0,20621347
0,042762876
-0,4681285
-0,31126413
0,41332698
0,42746907
0,27516842
0,30910355
0,2743976
-0,088881135
-0,37776518
0,3971917
0,25213766
0,31098455
0,2825334
0,2580254
-0,05548802
-0,40868792
-0,13188988
-0,006862372
-0,4735402
-0,4450309
-0,3482628
-0,35179803
0,057299018
-0,28795362
0,32832795
-0,43022895
-0,4342988
-0,37439996
0,22757655
0,37221074
-0,103830904
-0,01698652
-0,13311628
-0,36474526
-0,20554987
-0,35439825
0,25633866
0,49305743
0,49959683
-0,014678061
-0,48129594
-0,4333683
0,04612744
-0,42644367
-0,20655936
0,41528726
0,020109117
0,04209447
0,07397205
-0,4709681
0,22707081
-0,20487899
-0,3514001
-0,25610214
-0,15811917
0,0012645721
-0,44280636
0,34057713
0,070844114
0,19533253
-0,36753803
0,48433274
0,2877596
0,26960284
0,16509569
-0,04363227
-0,2372857
-0,43905777
0,2736202
-0,35310608
0,08944565
-0,13881505
0,018871486
-0,38731077
-0,3271076
-0,02751261
-0,44046304
-0,31247705
-0,025327772
0,13319135
-0,10689548
-0,37389183
-0,06914234
-0,37031767
-0,3871219
-0,19077933
-0,16868228
0,27115703
-0,39790666
-0,3545402
-0,47567138
-0,073467344
0,2566266
-0,12840903
0,13581306
-0,111350924
0,42142022
0,18374234
0,098290265
-0,08165088
-0,46347508
0,43968725
-0,06313375
-0,38671136
0,1984806
0,15821779
0,082244754
-0,32926676
-0,18318233
0,01645881
-0,44737354
-0,13515893
-0,05636999
0,43226624
0,45386195
0,40695953
0,3127944
-0,046527833
-0,45256358
-0,21539417
-0,36760268
0,42092073
0,03061378
-0,14774993
-0,47154805
-0,1405614
0,27721536
0,18924546
-0,015469223
0,11225867
-0,28666592
-0,18765828
0,067831516
0,48831642
-0,22927642
-0,44744018
-0,15991059
-0,33438104
-0,38083935
0,26281023
0,46212912
0,21090823
0,37902462
0,30891466
0,15992647
0,10971099
-0,4569056
-0,21637383
-0,17336598
0,18515265
-0,019503266
-0,09371859
-0,10608333
0,2773983
0,027187169
-0,47987416
-0,23197144
-0,4602387
0,06513095
0,022848904
-0,30941588
-0,36379725
-0,20949373
0,0029096603
0,428859
-0,012275696
0,42909098
-0,18548259
-0,31963813
0,25792104
0,42290843
0,12402576
-0,4975004
0,45786262
-0,18354869
0,12408441
-0,31666535
0,3550886
-0,11576831
-0,453815
0,17790252
0,30710542
0,15228063
0,46401542
0,044579685
0,42080027
-0,4635076
-0,012361944
0,37420827
-0,2736416
-0,172117
0,34810072
0,09429377
0,379807
-0,42163903
0,36820215
0,36315346
0,21680439
0,020472467
-0,40000176
-0,36882973
-0,11145052
0,2835347
-0,21215928
-0,22143584
0,14263731
0,37138718
0,3835858
-0,023768544
-0,1507962
-0,17242572
0,09802562
-0,36058518
-0,01032123
-0,29476207
-0,16203746
0,49972713
0,3216737
-0,047041386
0,31939268
0,4628241
-0,25226745
0,427406
0,09412897
0,2619726
0,15597618
-0,2303786
-0,16566855
-0,05572617
0,48009425
-0,10885319
-0,14507195
-0,09996861
0,4856525
0,17831641
-0,058023363
-0,21446082
-0,07303679
-0,033251166
-0,39693615
0,05930704
-0,41839668
-0,11170092
0,42439967
-0,04767379
-0,47160062
0,28253883
0,20902699
0,31514704
0,2618196
0,14855796
-0,020338982
-0,09184691
0,29277283
0,38142604
0,25864357
-0,30763263
-0,3751926
0,49298036
-0,106628716
-0,3628232
0,48477983
0,11892623
-0,30583036
0,49256247
0,17345977
0,37257564
0,3366294
-0,25222772
-0,2196162
-0,394822
0,19246095
-0,19701019
0,4176777
-0,399724
0,39761186
-0,22100699
-0,30448195
-0,14916345
-0,06361166
-0,4761733
-0,17877442
0,06428641
-0,40514228
-0,18956032
0,13891345
-0,2160311
0,17220044
0,22477674
0,12599331
0,28545803
-0,29428363
-0,4351409
-0,4159887
-0,33937633
0,3606038
-0,17875019
0,25996542
0,48456287
0,14191419
-0,43187508
-0,49935538
0,10369104
-0,10539061
0,10861266
-0,3618604
0,17696786
-0,1423769
0,21697384
0,10095781
0,25846893
0,22862834
0,3264312
-0,46261287
0,0033185482
0,19455016
0,47335327
-0,058580995
0,12564892
-0,30815125
0,14499491
0,28829443
-0,1700097
0,3398801
0,22783238
0,3006807
0,1516515
-0,27672213
-0,25583822
0,28636503
0,33148277
0,30447352
-0,19503105
0,3006618
-0,4577042
-0,050694972
0,17898601
0,01308912
-0,27665398
0,015428066
-0,00897941
0,3373806
-0,07893655
0,2710485
0,36029392
0,48519325
0,044047236
0,35800695
0,47667342
-0,39407253
0,0054373145
-0,007503867
-0,48542392
-0,44699624
-0,02105105
0,35898578
0,110283256
-0,013940781
-0,37105185
0,33324862
-0,4789034
0,082505226
0,21372896
0,15510052
-0,18029639
0,2990023
-0,12794566
0,22318393
0,12920964
-0,3828047
0,12149918
-0,1852383
0,36702627
-0,24875346
0,33520585
0,3986389
-0,44921434
0,4794445
-0,093939185
-0,20534709
0,24951613
0,17760396
0,30413783
0,23986179
-0,49290997
-0,034421176
-0,29013526
-0,3536321
0,20966041
-0,14354911
-0,25091562
0,23589665
0,22385347
0,16855073
0,07694936
0,40365213
-0,3095655
0,36774212
-0,35120815
-0,47496694
-0,250686
-0,06579456
0,33518976
0,15762752
0,26953858
-0,10559586
0,34499925
0,25818682
-0,4391496
0,38964796
0,12312031
-0,07172179
0,22573435
-0,062126726
-0,35678527
-0,35377342
0,3275327
-0,47314703
-0,17991021
-0,44009668
0,45272368
-0,4945736
-0,22368166
-0,11466083
-0,029473484
0,2576378
-0,2747484
-0,39123684
-0,45409068
-0,21327367
0,15979934
-0,043876886
0,11544973
-0,45581186
0,22340745
-0,41388926
-0,41419435
0,27372313
0,35185325
-0,33528328
0,046631813
0,4799617
0,49181467
-0,13207263
-0,3815612
0,013170719
0,4754988
-0,19491863
-0,42640218
-0,048487067
-0,011542439
0,32697004
0,118760824
0,34398842
-0,15118787
-0,38580617
-0,25385332
-0,2479259
-0,23089123
-0,2165134
-0,3073826
-0,36873707
-0,49739695
-0,45065224
-0,3929069
0,3712591
-0,17010221
-0,3291402
0,15028793
-0,41097677
-0,3277449
-0,10692641
0,28883594
0,46014482
0,39003986
0,012986302
-0,11155304
-0,26566434
0,44868755
-0,39354867
-0,24024203
-0,22979975
0,27475435
0,067288876
-0,33343074
0,42136645
-0,44160718
-0,09866801
0,16740292
0,48023397
-0,14999446
0,28056985
-0,014963627
0,4273349
0,39388657
0,2544906
0,10563803
-0,016736597
0,3785115
0,24867618
0,3834685
-0,34828216
0,21762776
0,44287485
0,47745556
-0,0063617826
-0,2756119
-0,4344417
0,17284644
0,40140742
0,47149915
0,20934701
0,435678
-0,37120304
0,025155365
0,07843274
-0,1058785
0,14251268
0,019884884
0,43539393
0,34718496
-0,22230461
0,22640616
-0,30155057
0,21762389
0,41155368
0,4246186
-0,19691294
-0,042316347
0,12678099
-0,4920927
0,18856311
0,13409919
-0,09576404
-0,047723174
0,08731645
-0,2789985
-0,111162186
0,46807885
0,37120867
0,048019707
-0,18952206
-0,33645988
0,4493497
0,045743108
0,30083567
-0,10013518
-0,23734704
-0,029512018
0,26921672
-0,29064342
0,36436373
-0,4715689
-0,0065941513
0,48504144
0,30239713
-0,07089409
0,23102582
0,12399173
0,101319194
-0,11897406
-0,16209769
0,36384326
0,26475894
0,23107022
-0,24105048
-0,17501089
-0,32650536
-0,018912047
0,10197866
-0,4718423
-0,04606706
-0,0729599
-0,44684958
-0,43291694
-0,45214677
0,11996943
-0,39908132
0,4027794
-0,3247396
0,29547393
-0,28394198
0,33097452
0,37605667
-0,46191472
-0,4394015
0,49463362
0,30188495
-0,19662431
0,34926474
0,17619234
-0,07240352
-0,113438785
0,19590265
0,4282837
0,3026157
0,08357239
-0,24316892
-0,07273334
-0,12882683
-0,30819237
0,3625729
-0,43207464
-0,48427725
-0,46210673
-0,2291832
0,4074127
-0,033084333
0,21004778
-0,005807072
0,234263
-0,4592958
-0,18097973
-0,19798926
-0,26348448
-0,4655719
-0,21700317
-0,22549143
0,36991853
-0,43558636
-0,21056381
-0,30265692
0,04159999
0,45578188
0,042547464
-0,28542522
-0,022693485
-0,21743259
-0,40994403
-0,20199311
-0,050624937
-0,014757901
-0,026768327
-0,24033701
-0,30411306
0,36938006
-0,21871716
0,27481222
-0,40524018
0,4998383
0,16015309
-0,1748558
-0,34847385
0,3625241
0,18219161
0,03704357
-0,40657982
0,4084828
0,07785207
0,42484188
0,30588818
0,24614686
0,20261204
-0,21294826
-0,21582371
0,0982272
0,24860829
-0,36423564
-0,35741824
0,44589633
-0,17687908
-0,14933747
-0,02589485
-0,03135872
0,43997043
-0,24824426
0,106055915
-0,19724229
0,33096838
-0,44840977
0,15219206
0,07971007
0,46741396
-0,30319718
0,16766131
-0,12589344
-0,11483312
0,24300998
0,084086716
-0,12859473
0,23501092
0,17253727
0,4745893
-0,35183704
0,4754266
-0,116770536
-0,27622026
-0,2649384
-0,040897757
0,22506082
0,34059715
-0,46889886
0,17828596
-0,068383336
0,20637876
0,10152918
0,4303546
0,22384161
-0,4214626
0,036077797
0,4479035
-0,43698618
-0,47562176
-0,3422169
0,082497954
0,32305628
-0,3672713
-0,20746684
-0,34876773
0,34821707
-0,39747483
-0,2222006
0,2427476
-0,083396405
0,35380846
0,23192745
0,12083459
0,47236598
0,45494574
0,32950658
0,39362353
0,0008583069
-0,1051684
-0,15085903
0,38305825
0,0026699305
-0,18548352
-0,097644776
-0,3094254
-0,27833855
0,29355413
0,2663489
0,21284485
-0,48545253
0,010482907
0,48926747
-0,3255018
-0,437593
0,445996
0,109835505
-0,31413418
0,1901958
0,09465939
0,22096491
-0,066687405
0,47562218
-0,16101366
-0,15721771
-0,20604327
0,35808504
0,2125498
-0,26524514
0,09308976
0,42071998
0,28994572
0,11936033
0,011374593
0,31051534
-0,3874765
-0,22907758
-0,19930354
-0,104770035
0,31114012
0,01495409
-0,28461832
0,16780251
-0,14516857
0,43614566
0,41959065
0,30915672
-0,0027899444
0,11373365
0,43587905
-0,33244684
-0,23947135
-0,21163696
0,06857532
-0,102782935
-0,32261133
-0,06570941
-0,27356982
-0,22992626
-0,14605516
-0,3863328
-0,19884643
0,045807242
-0,08198258
-0,47646853
0,22759509
-0,09541744
-0,21533746
0,3764947
-0,23708713
0,1878776
0,2274859
0,24046475
0,2683376
0,23382086
0,42015618
-0,4645306
-0,2626431
-0,10556102
-0,3118368
0,08646029
-0,44775435
-0,31342357
-0,4864895
-0,48117352
0,236835
-0,03669986
0,24026656
-0,16916907
-0,4844629
-0,26519263
0,24998933
0,26826864
0,38678622
-0,17389861
-0,37660986
-0,36176378
-0,07778245
-0,018080473
-0,31495538
-0,3265099
0,32587433
0,28447324
-0,3803466
0,2880544
-0,18793458
0,05121267
-0,15930489
0,22132874
0,2747754
-0,07471141
0,23919314
-0,39948156
-0,37498242
-0,4707478
0,47794366
-0,41297707
-0,43837938
0,06841785
-0,32531726
-0,38609546
-0,13406748
-0,007703513
0,07154918
-0,40027118
-0,3524286
0,23826826
0,24368101
-0,4157964
-0,4776315
-0,13801101
0,41708404
-0,45209348
-0,44791478
0,3386469
-0,22316688
0,06099105
-0,26709336
0,006005764
0,24414623
-0,181721
-0,4360508
0,34238112
-0,02117595
-0,428612
0,25915718
0,102036536
0,48444796
-0,09408346
0,44530612
0,4829352
-0,4576067
0,28199476
0,23279786
0,03152609
0,43384862
0,23426461
-0,2891106
-0,35360193
0,1601364
0,23389935
0,00978303
0,46795124
-0,11605382
-0,06880182
-0,44431403
-0,1530171
-0,4973485
0,4594947
-0,12951258
0,3776673
0,4740113
0,12464291
-0,3803799
0,4519198
-0,17319807
-0,06508845
-0,48032412
-0,0025426447
-0,22525302
0,23409706
-0,27143282
0,05739957
-0,1419506
-0,46885455
0,32326818
-0,37565535
0,014264524
-0,15779468
0,4028526
0,39022517
-0,40984604
-0,3739581
0,43612367
0,40049404
-0,11478615
-0,35956514
-0,16742945
0,06649518
-0,489786
-0,43188986
-0,089126885
-0,40542763
0,25692147
0,27022594
0,0678764
-0,4223359
0,015055478
-0,40910077
0,4280454
-0,16861302
0,11533517
0,09366459
-0,252893
-0,43552092
-0,36183643
0,26099795
-0,38328743
-0,39147004
-0,45991403
0,16973889
0,22692889
-0,26515394
-0,4129132
-0,3489658
-0,3833257
0,10127747
-0,48480672
0,1493268
-0,37874943
-0,15125528
-0,1532433
0,35563833
-0,089583576
-0,020979017
0,2920152
-0,21516263
-0,015127748
-0,46969828
0,19379067
0,38368618
0,44172835
-0,41728085
0,33108687
-0,40878212
0,35748523
0,33384496
0,27658093
0,18704426
-0,3728767
-0,15808898
-0,32539445
-0,023532748
-0,1794467
0,27728504
0,2557583
0,16611743
-0,48860088
-0,14867228
-0,20707205
0,02761811
-0,29766327
-0,41528547
-0,17507014
0,395926
-0,36487943
0,20022064
0,07196021
-0,07939044
0,18049806
0,340716
0,41510987
0,31959355
0,24400997
-0,17780629
-0,45407274
0,13218725
0,11648935
-0,21951738
0,4712019
-0,050077945
0,27878517
0,41793185
0,15017223
0,17399609
-0,18363684
0,14263523
-0,116135776
-0,04374197
-0,40782604
-0,38560602
0,30355817
0,063652515
0,3248427
0,33411407
0,14112961
-0,020506442
0,26721966
0,38250715
-0,37048715
0,25474977
-0,090465695
0,3364492
0,24380356
-0,27221882
0,08586568
-0,108053684
-0,021649271
0,16370898
0,3817808
0,3677773
-0,14774454
-0,4454305
-0,032223582
0,34186894
0,16863102
0,2546401
0,14087915
0,031559527
-0,046734482
0,3310268
-0,34038323
-0,35846484
-0,13965872
-0,18988836
0,2579279
-0,29554123
-0,47587466
-0,015597045
-0,10340899
-0,30934304
-0,013533443
0,34981865
-0,042649508
-0,43176228
-0,36259776
-0,17899239
-0,31705886
0,29616708
0,26701558
-0,3647735
0,40909362
-0,045084953
-0,29826075
-0,41414198
-0,36346
0,33054513
0,25374377
0,0061866045
0,094203174
0,010409832
-0,0407373
0,31879067
0,34488392
0,20563793
-0,16118449
-0,17451182
0,47534513
0,015286922
-0,27918893
0,21072519
0,21492445
0,15140599
-0,27777267
0,4128012
0,3673007
0,20680189
0,390361
-0,17832148
-0,49776724
-0,2170797
0,093205094
-0,19534492
0,22818303
-0,22960788
-0,49748445
-0,07926896
-0,46075153
-0,19201216
-0,35938382
-0,025858402
-0,4946385
-0,39696395
-0,3909492
-0,43505704
-0,43666178
-0,23426932
-0,009298652
0,4792878
0,46125555
-0,15641567
-0,48826402
0,001955688
0,40757698
0,3088886
0,31066883
0,39447707
-0,48011518
-0,17276007
-0,44581318
-0,3560992
-0,301425
0,42015433
-0,018354297
0,24521577
-0,23234633
0,15450037
0,30932128
-0,46690184
-0,26239163
0,032253504
-0,11651099
-0,071573675
-0,21462128
-0,4834648
-0,28278196
-0,43418387
0,33321154
0,10860616
0,3784852
0,22931612
-0,15506715
-0,48991317
-0,39270014
-0,32892707
-0,004035175
0,43736988
-0,26553538
0,084375024
0,46412438
-0,48765713
0,40695828
0,106463134
0,1491924
0,096420586
0,49918288
0,31728655
-0,3905725
-0,011622071
-0,20899871
-0,015963972
-0,16411838
0,35677403
-0,4653163
-0,49587774
-0,43048465
0,43672824
0,18973434
-0,23898211
-0,12298244
0,4483565
0,4705153
0,30910707
-0,2083331
0,08061254
0,2646395
-0,12113705
0,38981664
-0,19169435
-0,051114827
0,32915336
0,122483134
0,16570556
0,2568003
0,08929509
-0,42996436
0,21130943
0,102183044
-0,36845273
-0,22513446
-0,3323009
0,2385701
0,07944679
-0,49284282
-0,26012188
0,005538583
0,15890944
0,08552706
-0,46105015
0,15233862
0,489967
0,0076319575
-0,12294799
0,28955418
0,21062982
0,19384193
0,474824
-0,35685837
0,36400443
-0,42869723
0,39965105
-0,4746121
0,12152392
-0,34590927
0,23207998
0,49327713
0,08283174
0,091621816
0,11431408
-0,4241746
-0,086171865
0,3194635
0,3458255
0,011374593
0,062010944
-0,31517646
-0,17065135
-0,49672025
-0,46916983
-0,38344243
0,45418626
-0,14541316
0,002411127
0,006266296
0,013322651
0,35167962
0,012858689
-0,43142578
-0,051932335
-0,16338745
0,35817498
0,25053686
-0,4094305
0,0765751
-0,4974401
-0,26699686
0,10040754
0,20792657
0,2948079
0,24395865
0,2660359
0,30056608
0,13977301
0,48856974
-0,07158816
0,16200876
-0,16587901
-0,21005094
0,2030437
0,47086006
-0,09015757
-0,49990454
0,3826987
0,4098103
-0,45927694
0,38159984
0,38022524
0,2723683
-0,39362392
0,018831372
-0,07088444
-0,17966747
0,34808862
-0,2599879
-0,49427474
-0,1723637
-0,253897
-0,4870972
-0,1388435
-0,42953652
0,032253206
0,37677765
-0,40352875
0,42728722
0,2026627
-0,26067033
-0,44080237
0,48947483
-0,40334982
0,40113348
0,032651603
0,41612345
-0,3755138
0,15953517
-0,4656313
-0,0509156
-0,39294934
-0,353287
0,23123395
0,36881077
-0,40909934
-0,43565306
-0,4528329
-0,46431533
-0,017275482
-0,36706525
0,43318152
0,30049372
-0,1433377
-0,07695472
-0,058902442
0,2932167
-0,30791765
0,480406
0,15508097
-0,0134601295
-0,2767372
0,15082067
0,16051906
-0,29091918
-0,33168444
-0,086954296
0,356799
0,004725933
-0,3115014
0,06724197
0,41915298
0,15825766
-0,07934624
0,41660595
-0,23594487
0,33394492
-0,019943535
0,24602574
-0,34593874
0,23822194
0,27646583
-0,44130924
0,31372398
-0,28639728
-0,3453666
-0,4020159
-0,34639096
-0,30636734
0,2043165
-0,45619595
0,34925503
-0,39122975
0,49733204
0,45724607
0,28039807
-0,38108313
0,28825635
-0,018530875
-0,24235344
0,18569875
-0,11409229
0,4647876
0,45276523
0,26962084
-0,08983898
-0,10364285
-0,39365932
0,027682126
-0,37423867
-0,0669978
0,09234971
-0,47524524
0,37597597
0,05439675
-0,43716347
0,36499238
0,14447433
0,39434618
0,18399149
0,45614552
0,3753881
0,22518855
-0,13046694
-0,44104445
0,412305
0,046734095
0,02990532
0,49812055
-0,2524161
0,493824
0,20021898
0,43293232
0,32869864
0,31331986
0,2003892
0,09223211
-0,03025502
0,36526603
-0,19987673
0,0005673766
0,4387166
0,41732407
0,26820725
-0,23223609
0,22128254
-0,43828872
0,02013743
0,30235708
-0,15851384
-0,3152426
-0,23343465
-0,45601282
-0,31453514
-0,095056415
-0,26161087
0,24334532
0,21745956
-0,38802904
0,44785208
0,29053664
-0,3415257
-0,24675137
-0,0530183
-0,39117673
0,10216266
-0,3536564
0,4088574
-0,19985616
-0,0043479204
0,05133438
0,18285978
-0,035496414
0,25709778
0,49189544
0,14805204
0,1504823
0,24943584
0,25449002
-0,052366257
-0,3035667
-0,28131342
0,1989466
0,22723567
-0,25008035
-0,19861147
0,3770014
-0,3706773
0,09440452
-0,42475724
0,4357409
0,32102394
-0,32229668
-0,12624985
-0,044182688
0,46042395
-0,2752907
0,25772536
-0,30194598
-0,15193048
0,0057662725
0,23288971
0,457843
0,39109904
-0,33593118
0,058847725
-0,03895408
0,030985415
-0,31843472
0,2354905
0,43736798
-0,31082553
0,26976186
-0,07923755
-0,31453052
0,15979952
-0,2252869
-0,045066863
-0,08363709
-0,22672611
-0,2201752
-0,22838932
-0,032561958
0,13534999
-0,39971823
-0,41142422
-0,16417104
0,30368865
0,34336835
0,35724962
0,22177255
0,07510245
-0,20664927
-0,08247489
-0,36162034
-0,029210806
0,19672865
0,4648779
0,19587457
0,07244992
0,21147525
-0,01707676
0,22167212
0,41862547
0,4329735
-0,15572518
0,41543907
0,45931005
0,17459422
0,43478972
-0,15252998
-0,24370238
-0,35876703
-0,42289427
0,3048483
-0,44905883
0,08916235
0,023871005
-0,22071913
-0,31454724
0,30097556
-0,4279824
-0,4894887
0,17875707
0,19674939
-0,121983826
-0,16177675
0,38801306
0,45992804
0,30591035
0,07368863
-0,41251385
0,048192322
0,14232373
-0,33239555
-0,3283774
0,2784819
0,1486708
-0,45775044
0,46918213
0,26886946
0,45071173
0,49586314
-0,3295164
-0,44892064
0,26127625
-0,17131841
-0,48314285
0,33054817
-0,28335673
-0,2919857
-0,44834587
0,2447195
0,34555966
0,29698426
0,37006474
-0,095825374
-0,084080994
0,3023427
-0,10839659
0,019159198
0,3111533
0,42347014
-0,014132708
-0,05982542
0,49347997
0,40772945
0,31716943
-0,34333655
0,24794853
-0,19683129
0,28251356
-0,47013485
-0,19950584
0,32592684
-0,14065006
0,26052105
-0,28932166
0,04892713
-0,27456748
0,41589224
0,10828453
-0,14160681
-0,05051607
-0,3330004
0,34291542
0,42556345
-0,2790615
0,0866071
-0,4683336
-0,008601874
0,425573
-0,24139732
0,0736714
0,42731988
0,0808419
-0,14676017
-0,15828401
-0,27771318
-0,053685844
-0,3199978
0,20556086
0,0133910775
0,46326244
0,042203367
-0,33004582
-0,23459792
0,41859442
-0,22204083
-0,15108982
-0,38356036
-0,16988203
0,32444388
-0,410106
0,21015298
-0,16037714
-0,03613913
-0,04497677
-0,0073177516
0,17829001
0,13406819
-0,3997584
-0,11486247
-0,3217194
0,28187406
-0,3633724
-0,2759385
-0,19012725
-0,13959047
-0,12527123
-0,15929565
-0,044496566
-0,3107007
0,12089783
-0,10301265
-0,06055087
0,49049324
-0,41107735
0,28782672
-0,45252037
0,31876224
0,18281513
-0,49456373
0,0036307573
-0,037863463
-0,46516228
0,037583053
-0,076474816
-0,44642356
-0,07100797
0,24078661
0,30026102
0,2366556
-0,15186739
-0,38076758
-0,049813956
0,24374998
-0,45279273
0,31266934
0,26345396
0,4492392
-0,40932053
0,16062468
-0,47867125
0,2291156
0,07302499
0,28906262
0,28920186
0,23799258
0,094800115
-0,47663832
0,471891
-0,27029866
0,04088223
0,2795505
0,26453102
0,31392312
-0,28175688
0,08837819
-0,2813514
-0,45483714
0,49956888
0,06694746
-0,19321069
-0,16078353
0,2931314
0,183465
-0,008956283
0,16958958
-0,4330331
-0,11929819
0,39516014
-0,4578399
0,12671387
-0,33941358
-0,27811778
0,023044944
-0,18622407
-0,47234982
-0,1800645
-0,42231354
-0,30309007
0,4140156
0,15384793
0,29631788
0,22624958
0,35131758
-0,31065917
0,33242065
0,025918782
-0,10138407
0,3203327
-0,46917284
-0,46875697
0,3293835
-0,46570718
-0,3829564
-0,03890121
-0,17765346
0,030247808
-0,13231334
0,40638804
0,055353522
0,41772133
0,2011286
0,318586
0,31751359
-0,17825168
0,1965791
-0,38134766
-0,10160801
0,30298674
0,34755844
-0,2532964
-0,050162107
-0,4588564
-0,04488784
0,36307532
0,27010524
-0,11267862
0,49912012
0,024707913
-0,3922031
0,23446524
0,45870537
-0,105793774
0,12995374
-0,31061533
-0,38174573
-0,16634476
-0,22167587
0,30208343
-0,03868267
0,24475282
0,34510005
-0,105225116
-0,31066456
-0,40433538
0,052234113
0,18415284
-0,011673003
0,01026094
-0,13509026
0,018335521
-0,12373063
0,056902647
-0,16522938
0,12684488
0,04234022
-0,05780208
-0,076764226
0,23597968
-0,48453057
-0,49864268
-0,2945317
0,4242456
0,1950705
-0,051697373
-0,30051583
0,44147766
0,16863102
-0,042906612
0,14241087
0,013704479
-0,10686165
0,17944777
-0,23296136
-0,07772881
-0,26120353
0,26908624
0,43350244
0,01670158
0,42166626
0,15247422
-0,32387197
0,35068762
-0,44597933
-0,43546072
0,3827157
-0,22439587
0,11194146
-0,15259102
0,079485
-0,29664138
-0,067886055
-0,051306218
-0,18288922
-0,30692106
0,22386867
0,4855432
0,3946212
0,30799103
-0,48647046
0,2830109
-0,3551197
0,21324831
-0,10003841
-0,38893914
-0,4454234
0,23791385
0,3423803
-0,48968995
0,07086897
0,09391123
-0,00039732456
-0,07479736
-0,07832429
0,2396931
-0,18696982
-0,33925852
-0,13583678
-0,0981352
-0,38894236
0,30660135
-0,12980506
-0,012489021
-0,37919798
-0,12686071
0,346717
0,4596672
-0,15538213
0,3869148
0,18971717
-0,2919498
-0,38190162
-0,22719297
0,09777707
-0,14760134
-0,026053905
0,47440356
-0,32694435
-0,4641709
0,21800137
-0,27805036
-0,3145153
-0,20037284
-0,22266132
0,36230677
0,120105565
-0,48377666
0,28116137
-0,37276423
-0,49613655
0,18566364
-0,38353527
-0,33782867
-0,15542904
-0,25575328
0,19454736
-0,14303464
-0,24223268
0,1724922
-0,27840668
0,32038796
-0,23215517
0,061039686
0,20778692
0,4725399
0,1884669
0,22973585
0,46472043
0,2261936
0,47141135
0,3664837
-0,14011821
0,24227452
-0,36533022
-0,12718439
-0,25326735
-0,041433632
-0,10690528
0,35140133
-0,104614615
-0,40104395
-0,08924252
-0,2664891
0,18455315
0,2957989
-0,36998636
0,3749861
0,412539
-0,34961832
-0,4082824
-0,02345708
0,21539676
0,1870594
0,35783523
0,28247243
0,30051857
0,3920474
-0,1642668
0,092650294
0,45008993
-0,22804677
0,16141415
-0,3573328
-0,36555025
0,13956398
0,4205371
0,41609854
0,24455595
0,056444466
0,109960556
-0,45758522
0,23795444
-0,2574479
0,36859035
0,25565296
-0,09627858
0,04381615
0,3620233
-0,27907234
0,12919486
-0,24515274
0,26610464
0,014583111
0,23651057
0,18075079
0,06540638
-0,040460587
0,31709856
0,2131437
-0,24984479
0,0010489225
-0,07231918
0,12105656
0,20878154
-0,14399153
-0,12501544
-0,2860779
-0,49915177
0,35964584
-0,21021351
-0,025863588
-0,13149887
0,027429402
-0,13663173
-0,10086742
0,35835987
0,30363768
0,3570873
0,15002984
0,35778672
0,14101219
-0,39644217
-0,010502458
0,024368465
-0,36429924
0,042791545
-0,21392325
-0,42556462
0,22320068
-0,18068078
-0,0075862706
-0,4883699
0,3320142
-0,43508887
-0,14363521
0,30706596
0,48548067
-0,30558836
-0,058689386
-0,39215714
0,45873332
-0,48211208
-0,0261859
0,110507786
0,4519117
0,00029289722
-0,12479749
-0,3536982
0,4674185
-0,29691687
-0,008384317
-0,31149113
-0,20586383
-0,4277827
-0,3145594
-0,27968508
-0,09257215
-0,30617952
0,33092862
-0,15959772
-0,33553326
0,4286303
-0,44216833
-0,295515
-0,49387443
0,06418234
-0,10911599
-0,46130526
-0,26544803
0,23447388
0,34988678
-0,35899395
0,32014275
-0,014482766
0,09332329
-0,08531934
-0,48727265
0,26108313
0,47074503
0,45725477
-0,020990998
0,022717655
-0,13226181
0,11416727
-0,41686457
-0,10366237
0,30352497
-0,08732489
0,42033106
0,43011594
-0,48484218
-0,08821985
0,40821838
-0,28759056
0,28902447
0,3894543
-0,1645726
-0,12641492
-0,30159205
0,48862016
-0,1369909
-0,33346665
0,2373277
-0,31841287
0,22565818
-0,14177653
-0,1596354
0,2654311
0,18604928
-0,47521627
0,06499934
0,054468393
0,20484638
-0,4094662
-0,33828038
-0,26421434
0,44807464
0,22401184
-0,18624726
0,41818684
0,106526375
0,27666557
-0,083545685
0,1598044
0,24747151
0,27551872
0,12102485
-0,3827226
-0,21217367
-0,07409036
-0,024189979
0,08560306
0,3625782
0,29503596
-0,46340078
-0,20325765
0,048687577
0,011924863
-0,3950099
-0,2757057
-0,2993828
0,2527917
0,019871593
-0,13990688
0,29188502
0,09897888
-0,16236392
-0,3788452
-0,070472956
0,42585367
-0,48310646
-0,3293084
0,21758777
-0,033283144
-0,13647157
0,20691985
-0,47336558
0,060688496
0,14793962
-0,03995672
0,3434825
0,13638902
0,31621283
0,4587577
0,00601238
0,0471915
-0,15485364
-0,0977329
0,32617235
0,3152395
-0,18940479
-0,019037604
-0,2634849
-0,29658207
-0,058344632
-0,15678474
-0,27739823
0,47169173
0,02483815
0,3644458
-0,3082001
0,20731413
-0,1909293
0,47993928
0,17730004
-0,48298588
0,43159378
0,3680359
-0,10488799
0,290551
0,013048708
-0,24306232
0,4834739
0,21718544
0,078092575
-0,489659
-0,45042515
0,074168265
-0,14154473
0,49402004
0,33178383
-0,053102493
-0,23772961
0,48434794
0,21688622
-0,023730755
-0,3682955
-0,37982452
-0,0047882497
0,010820627
0,11963713
-0,2072699
0,07544595
-0,34332085
0,28969407
-0,12947038
-0,42409122
-0,27139986
0,40464956
0,23208445
0,33482397
-0,06952345
0,45232838
0,004407823
0,4515614
0,21784449
0,16064328
-0,2584164
-0,18293396
-0,28908986
0,039254546
-0,21136731
-0,120057225
-0,30835453
0,21864164
-0,10665831
0,014804244
-0,46177703
-0,488474
0,19380516
0,4087274
-0,23507097
-0,49822888
-0,08783704
0,24110752
0,16940427
-0,059318006
0,4604991
0,08125007
-0,093604684
0,3734209
-0,20875272
-0,04187593
0,10007042
-0,4293127
-0,021633
-0,10488126
0,47150987
0,0851289
-0,2210753
0,42012084
-0,014575034
0,4894033
-0,29473004
0,14007407
0,023875117
0,49941903
-0,016008109
-0,38092476
-0,31850705
0,2934128
0,45933712
0,4733343
-0,3572812
-0,2966774
-0,3152005
-0,26154435
-0,36621606
-0,10784039
0,23589957
0,45831066
0,2513911
-0,48185363
0,3277775
0,1268171
0,28462768
-0,0026363432
-0,02309084
-0,013295054
0,31224632
0,13882077
-0,0007740855
-0,1864413
0,26596856
-0,44325587
-0,43182448
0,32987428
0,43488014
0,013208926
-0,4637116
0,12939751
0,114180505
-0,11164072
0,4773774
-0,04351914
-0,24607933
-0,34198096
0,1456942
0,26968652
0,13154203
-0,3490799
-0,20811975
-0,374354
0,44735324
0,19070518
-0,19823673
0,15552294
-0,2997983
-0,16952941
-0,24577382
0,42597854
-0,43655336
-0,46338457
-0,19906121
-0,23736212
0,13016391
0,42142653
-0,1205354
-0,42952418
0,23102546
-0,43978488
-0,02946943
-0,0733431
-0,44964677
0,049857497
0,39758277
0,06158191
-0,41169575
-0,48980176
-0,2827105
0,40418327
0,35561812
-0,36032826
0,10225713
-0,03887117
0,16462785
-0,014652371
-0,13320762
-0,24651831
0,08989364
0,1794095
-0,010321587
-0,37313324
0,10823113
-0,06761938
-0,36680767
-0,14712852
0,029625893
0,22634023
0,47992647
-0,13708341
-0,015140295
-0,39776844
0,42573476
0,21434385
0,099672616
-0,38036487
0,47214937
-0,38137197
-0,3007875
-0,48047706
-0,23970228
0,335028
-0,34579873
-0,48118895
0,31724405
-0,11154044
0,07560146
0,14343542
0,14406693
-0,15383145
0,0049327016
-0,36159018
-0,33735353
0,49476457
0,45141035
-0,4189878
0,27019435
0,0811764
-0,10118297
0,35910708
-0,2318708
-0,0019389689
0,34111178
-0,21490473
0,24031305
0,38458884
0,41273564
0,33179456
0,49839407
0,0065259337
0,34232956
0,3463679
-0,22831023
-0,008846313
-0,17020676
-0,38309473
-0,20020407
-0,12239227
-0,4002116
-0,22226492
-0,24120077
0,14883536
-0,08995476
0,14253938
-0,09768832
0,4954962
-0,23338115
0,48382425
0,17085159
-0,29061905
0,17487562
0,453228
-0,4858101
0,04759556
0,18013424
0,032746613
-0,093420535
0,2218796
0,22153038
-0,4067533
0,0964303
-0,18310815
0,075336754
0,028348267
-0,17292956
0,4600144
0,09751886
-0,25683492
-0,18458304
-0,3779944
-0,43770182
-0,4773951
0,09526461
-0,35138416
0,08642334
-0,3231774
0,13211197
-0,2180902
0,23008591
0,21643084
-0,030220628
-0,10510439
-0,47204846
-0,299331
0,1584233
-0,026480228
-0,24648586
0,3568933
-0,2512154
0,24064702
-0,22110981
-0,46786693
-0,18068129
-0,26231027
-0,16256788
0,038408577
-0,1075075
0,045191765
0,14688432
0,15793723
-0,35267127
-0,19633812
0,23530877
0,039812267
0,07313424
0,2378251
0,2521943
0,18020654
0,04871577
0,12495983
0,4519899
-0,22215816
0,16077882
-0,44190288
0,19341934
0,34071434
-0,23668966
0,28702015
0,026709855
0,3628657
0,2280119
-0,23097491
-0,47804838
0,38915038
-0,15657857
-0,3161853
0,33048803
0,048874438
0,2533508
0,12554938
-0,29563117
0,46645463
-0,17605123
0,08248848
0,16097695
-0,3611743
-0,3328243
0,28486812
-0,047284365
0,35169804
-0,4084884
0,37334394
-0,2766348
-0,2488794
-0,3774684
-0,4976651
-0,028323531
0,44300765
-0,13492808
-0,16930622
0,37531143
0,4003448
0,28967893
0,3383345
-0,22734365
-0,39510837
-0,22751111
-0,42687538
-0,058936983
-0,42800316
-0,11230081
-0,117253095
0,4937955
0,34285992
-0,41006416
0,07142025
0,14045471
-0,3862238
-0,32772866
0,1681552
-0,1961999
0,22062182
-0,3339619
0,022124588
0,24212146
0,4235081
0,09841907
0,46937603
-0,36422408
-0,34409046
0,47338617
0,45581615
-0,107209295
-0,16378093
-0,2888337
0,49384785
-0,17032948
-0,005912155
-0,22932127
-0,068433136
0,066838145
-0,060504764
0,1745457
0,05467975
-0,048653632
-0,03544432
0,24384385
-0,2915423
0,427427
-0,18768463
0,3784148
0,0424214
0,25627118
-0,12662911
-0,2062701
0,17472297
-0,13474551
-0,12713265
0,3131042
-0,39026886
-0,0038912594
0,0676676
0,31832218
0,3127138
0,42976695
0,0019551516
-0,49609816
0,27069628
-0,41888618
0,41223484
0,32368684
0,40461433
-0,35143155
-0,22183216
-0,14362133
-0,05905366
0,27172822
-0,31789383
-0,37245268
-0,4703207
-0,1259313
0,32594275
-0,33185732
0,47872764
0,49982417
-0,4661768
-0,4302706
-0,29203042
-0,27518243
0,11144978
-0,1836501
0,15383327
-0,02245751
0,1684854
-0,46866995
-0,007338494
-0,001527369
-0,49564126
0,34346813
0,21255475
0,041314185
-0,3387305
-0,22023568
0,010156095
0,17319077
-0,013410836
-0,18032518
-0,25466913
0,037763834
-0,33083296
-0,27631226
-0,37134036
-0,3220648
-0,11406493
-0,070278555
-0,15610841
-0,04679787
0,23427099
0,21116668
0,46348375
0,028787494
-0,08717334
-0,100788385
0,18323386
0,45076424
-0,24694604
-0,15367937
-0,07332134
-0,2419481
-0,15878901
0,04449922
0,17339957
0,29587603
-0,06369251
0,2928931
-0,16580784
0,44735026
0,05556357
-0,36123407
0,24754041
0,07215947
-0,46723667
-0,35444778
-0,11543563
-0,10569006
0,3799898
-0,009104401
0,48470443
0,17884916
-0,034521192
0,21496332
-0,11243409
0,12334144
-0,36637175
0,30247945
-0,17533696
-0,34122235
-0,087066084
0,24539465
-0,052387357
-0,10549575
0,22581547
-0,46258163
-0,46452457
0,34144348
0,31786698
-0,4535609
0,40319008
0,10764301
-0,48809165
0,26690334
0,37393665
-0,4857582
-0,14994133
0,3186019
-0,29016805
0,31938118
0,44580764
0,1457606
-0,42734057
0,48827386
0,1386072
-0,02673626
0,30879605
-0,25424606
0,48099446
-0,092279494
0,41417283
0,28249192
0,3971812
-0,4748478
0,30250925
-0,3057928
-0,319032
0,10862297
-0,18554363
-0,4763675
-0,21735758
0,09973335
0,22596323
0,032582283
0,3283041
0,40082252
0,062556565
-0,03319499
0,105645835
0,009432375
0,2563988
-0,15146032
-0,20049635
-0,23445678
-0,05313146
0,27733546
0,2314803
0,36768872
0,011768103
-0,32495427
0,27077967
0,40232742
0,1549614
-0,3342855
0,0075574517
0,21862942
0,23616922
-0,4535628
-0,26427108
-0,46898824
0,2884286
0,45811826
-0,46163866
0,14341629
-0,10680133
-0,3716187
-0,036751956
0,37152308
0,19965577
-0,043966472
-0,13845325
-0,31191057
-0,2405793
0,1831078
-0,45073736
0,4188863
0,3799382
-0,29411077
0,17973101
0,22516221
-0,32646096
0,49798387
-0,076842695
0,018110573
0,41602832
0,47623032
-0,25700313
0,40696323
0,43995684
-0,18764749
0,4741313
-0,42166242
0,36726832
-0,43201405
0,07389641
0,37547922
0,11437374
0,22197008
-0,121878296
0,2865485
0,4880203
-0,47515148
0,1848396
-0,3027724
-0,307131
0,31587756
0,43604052
-0,37947065
0,047254205
0,16108227
-0,24993643
0,06428033
0,20330107
0,31339055
0,22371739
-0,20487058
0,45920914
0,41186243
0,47464234
0,04388404
-0,04725322
0,10946047
-0,48239964
-0,06040466
0,0018994808
0,116840065
0,39836967
-0,027612418
0,17856568
0,17501521
-0,3135416
-0,38874662
0,13328022
0,2488975
0,23946387
0,39957434
-0,20666125
0,17292988
0,36046034
-0,13698095
-0,31597093
-0,030199528
0,062273085
0,22518975
0,13213557
-0,4350858
-0,15380639
0,2308532
0,08269715
0,14364499
0,34016418
-0,03911382
0,4552933
0,45766938
-0,26990306
0,32539123
0,14427638
0,04029578
0,4461124
-0,43146884
0,21127433
0,29492497
-0,31240183
-0,2493281
-0,17161372
0,49001527
0,31244636
-0,43515056
-0,36664355
-0,0026557744
-0,29619092
-0,4569041
-0,22131267
-0,13248482
0,05948168
0,020526946
-0,115900576
0,23383749
0,18932623
0,1735881
0,3156556
0,06862706
0,29045933
0,28602207
-0,21253505
-0,15547743
-0,37530077
-0,36803338
0,38923442
0,16901976
-0,27099058
-0,10139349
0,2259571
-0,447341
-0,19592944
0,30486202
-0,4510364
-0,16670299
0,4045593
-0,38137704
-0,21811688
0,17799151
0,309353
-0,40987197
0,007945418
0,05865258
0,23195195
-0,29976454
0,017651439
0,2133708
0,44339597
0,4229772
-0,030452639
-0,42332363
-0,18109816
-0,07302526
-0,014552683
-0,22496104
0,40308064
0,24831247
0,058044016
0,432356
0,43034363
-0,20155063
0,17694074
0,2924356
0,39748383
0,11915976
0,052730262
-0,48139805
-0,025980294
0,23066139
0,2522478
-0,46142262
0,21105188
-0,087403
0,11088002
0,4969654
0,35866392
-0,2572499
0,47567856
0,2709883
0,35374314
-0,14817476
-0,10597697
0,06216514
-0,34305015
-0,16828656
-0,26757646
-0,08195326
0,30733955
0,15871412
-0,19701782
0,17629403
-0,037319094
0,43414068
0,24798787
0,17828697
-0,19403821
0,013201237
-0,45251334
-0,0031710565
-0,43459046
0,027095437
0,13273185
-0,2178742
0,46170622
-0,31083065
-0,005933076
0,14426374
-0,0791187
0,421515
-0,1087116
-0,44072896
0,4551323
-0,16185984
0,0018749833
0,18122697
0,034506023
-0,14906311
0,038648248
-0,35424525
0,43382668
0,22073507
0,39146942
-0,13531601
0,35306567
-0,3581417
0,06943834
-0,055652857
-0,26962456
-0,12782082
0,1371178
-0,06753525
0,46160042
-0,40145633
0,45022535
0,024977088
0,0003451109
0,29242498
-0,28528368
0,16420102
0,35629147
-0,20241919
-0,25486055
0,33396286
0,49752796
0,07770532
0,19376361
0,08754015
0,48131824
-0,43726575
-0,47327808
-0,432902
-0,47393572
-0,19342408
-0,09114826
-0,16864094
-0,17184618
0,033782005
0,22406036
0,20264381
0,461977
-0,075868905
-0,094906
-0,018574357
0,25001675
0,16744536
-0,2942119
-0,18527883
0,39750546
-0,08513999
0,08111113
-0,12245619
0,01661861
-0,41432053
0,46032166
-0,06599796
0,34111875
-0,29127425
-0,0031431913
0,10980469
0,41995037
-0,18056157
0,2638678
0,042070985
-0,25349832
0,1292212
0,16220367
0,4380446
-0,45506233
-0,2872628
0,2782194
0,39091593
0,2038843
0,4492452
-0,20024097
0,26615697
-0,38717628
-0,1136896
-0,04949808
0,1447562
-0,35821164
-0,08257836
-0,3381518
0,02625966
0,16611463
0,25435096
0,25969225
0,20916504
0,016919315
0,44269603
0,143736
-0,03501612
0,08067995
0,020393014
0,19936836
0,20414776
-0,12807307
0,06902951
0,12391877
0,11835104
0,44312334
0,42984533
-0,39165443
-0,040644884
0,14478827
0,33943617
0,48676264
0,48275304
0,1057201
-0,4988266
0,2721386
-0,3872443
-0,15579945
-0,40401593
0,32005656
0,49896497
-0,2454133
-0,4362231
0,019467533
-0,038341373
-0,24143454
0,07978439
0,4000771
0,3460794
0,41366363
-0,26593798
0,43442565
-0,2182056
-0,4635576
-0,2025595
0,26951277
-0,43475246
0,23581868
0,19239092
0,3122821
0,3102777
0,37964672
-0,46585438
0,32694852
-0,13031179
-0,20691013
-0,31940383
-0,09769407
0,4905833
-0,06830248
-0,3728643
-0,067569345
-0,1080465
-0,46114868
0,09750384
-0,010912448
-0,37846297
-0,078142256
-0,08423877
0,108272135
0,3001572
-0,08549243
0,228674
-0,10560021
0,22361326
-0,30098462
-0,21857518
-0,011134446
0,45150667
0,33758742
0,410491
-0,09176129
-0,30315495
-0,17631233
0,3382824
0,42905802
-0,45443282
-0,1263678
0,24263573
-0,114059955
-0,14894137
0,08239311
0,46879435
-0,06850952
0,04318142
-0,3291759
-0,24358466
0,32834858
-0,26863903
-0,34316713
-0,31396046
0,006095767
0,016801357
-0,39220956
-0,18534982
0,15878129
-0,20433453
-0,08738786
-0,34253874
-0,44701108
0,022380829
0,1716196
-0,3901984
0,006086111
0,23557198
0,43210566
-0,28527912
0,108424425
-0,049263
-0,04426819
-0,17810708
-0,47807664
0,17847884
-0,27893168
-0,47463667
-0,024124324
0,4868434
0,34857893
0,22128165
0,4065327
0,14653814
0,34559482
-0,37606
-0,1793729
0,33469504
-0,18542609
-0,29060712
-0,34784016
-0,020853132
0,40389884
0,20147914
0,238119
-0,012340516
0,451739
-0,19654801
0,05230087
-0,4553218
-0,1935753
-0,014994025
0,020999253
0,203264
-0,12628302
0,04155457
-0,01426515
-0,2683553
-0,0021593273
0,28727543
-0,4476606
0,26604605
0,2744394
-0,17901424
0,02961713
0,10295963
0,46601975
-0,09190032
0,48447365
0,08890283
-0,39270923
0,05833614
-0,052769423
-0,09601587
0,4572147
-0,40616125
0,42150718
0,12898457
0,424466
-0,32773316
-0,42125246
0,0043503046
0,2982161
-0,43327218
0,29335833
-0,29177108
-0,10703957
-0,07510814
0,06031245
-0,09808284
0,21045369
0,12984228
-0,12788835
0,2550801
-0,18059203
-0,0074308515
-0,36117417
-0,22363353
-0,28366488
0,29854405
0,35203356
0,3078915
0,30211735
0,05324
0,33869064
0,09528607
0,16907352
-0,3048724
0,26190263
0,30538952
-0,13410625
0,34424388
-0,068201154
-0,24236685
-0,22561282
0,04312247
-0,4714294
0,05197823
0,4269932
0,049030125
0,039575398
-0,17607278
-0,24726108
-0,42407832
-0,14939862
-0,027435124
-0,2628103
0,014952779
-0,07763079
0,41470248
-0,4851165
0,13489586
-0,04400003
0,19351739
-0,118136734
0,018615007
0,37213373
0,33984512
-0,20251474
0,2705782
0,0031276345
-0,050814748
-0,06920001
-0,15802398
-0,4827295
0,29189295
0,49477452
0,021463454
0,32377893
0,4499761
0,33019352
0,26564574
-0,15589997
0,09639776
0,36675245
-0,11628851
0,3521756
0,45359445
0,43513054
-0,17161074
0,48273224
-0,1860112
-0,34452847
0,32321078
0,412355
0,051615715
-0,08622351
-0,20833284
0,28998512
0,27849418
-0,17424437
0,14045781
0,09942174
-0,41557026
-0,46421486
0,2895205
-0,22285181
-0,11506373
-0,037734568
0,0814901
0,3493216
-0,46007603
-0,03088069
-0,48692244
0,2855541
0,3043266
-0,3466867
-0,03532645
-0,33824056
0,2232253
-0,36438933
-0,2201471
-0,2029872
-0,034216672
0,09112865
0,38971734
0,19296491
-0,1820158
0,05762869
0,094188154
0,15900367
-0,3809438
-0,4230984
0,115638256
0,1502608
0,42039955
0,2634316
0,26567745
0,24726284
0,43444645
-0,14025393
0,007300794
0,21312219
0,3972153
-0,4414733
-0,19867438
0,33784246
-0,072142154
-0,121619254
-0,04976362
-0,294572
-0,075977
-0,39651155
-0,2675976
-0,32098424
-0,10757375
-0,083505094
-0,32583776
0,31893378
0,0002837777
-0,07434365
0,14421976
0,09020406
-0,088652074
0,22002566
-0,35869867
0,25511068
0,071691334
-0,24896216
-0,061574787
0,35545176
0,3812726
-0,15438199
0,4158557
0,018051386
-0,103691876
0,45990735
-0,27044553
0,41325855
0,4451806
0,094374955
0,48294008
-0,20413628
0,1582253
0,41983467
0,23498064
0,27050197
0,20054865
0,20663929
0,37831908
-0,09814265
0,42657113
0,29834598
0,49022746
-0,21848136
0,013425231
-0,17930305
-0,1741688
-0,4745386
-0,3982517
-0,011284918
-0,48936674
0,46785426
-0,15278888
0,426511
-0,34732085
-0,25948077
-0,4741729
-0,009851664
0,07263386
-0,304145
0,34474295
0,48167974
0,30028343
-0,36089563
0,32278323
-0,33869088
-0,23797521
-0,23961937
0,29328036
0,3153903
-0,18160021
-0,08767596
0,2917685
-0,27429727
-0,48974305
0,27475643
0,2721895
-0,2692507
-0,33675542
0,44383514
-0,053401053
0,32152426
-0,42662224
-0,37967923
0,03872168
0,4363001
0,44248414
-0,033032298
0,024911642
-0,083850145
0,32697225
0,22761852
-0,16820797
0,1935038
0,14052904
-0,09907392
0,01838708
-0,16086847
0,096148014
-0,19597009
0,4052828
0,32877833
0,3361237
-0,4485342
-0,122731775
-0,34538245
0,23388916
-0,41898635
0,41842198
0,41281497
0,15677804
-0,018790513
-0,4598397
-0,4073944
-0,167979
0,034267366
-0,22450072
-0,106039226
0,30198228
0,32555932
0,045115054
-0,029307216
-0,467098
-0,2226555
0,12827021
0,4239245
-0,059058875
-0,42154515
-0,3002336
0,39195406
0,31976807
0,11641258
0,45441377
0,09689975
0,1671651
0,11753917
-0,09670755
0,22399843
-0,261203
-0,14767256
-0,26000142
0,16279757
-0,33309773
-0,08688083
0,21455747
-0,0062513947
0,39348334
-0,1354163
0,06947571
0,4804513
-0,061315745
-0,237416
-0,06466776
-0,29398775
0,4110976
-0,12052032
0,388429
0,17185193
0,15836483
0,22594762
-0,27401876
-0,21426845
-0,10082665
0,32718855
-0,30292436
0,1271519
-0,4941701
0,35752237
0,24320662
0,269987
-0,23002785
0,46416688
-0,05881852
-0,20195696
-0,08107999
0,12992883
0,23497051
-0,45395586
-0,30829006
-0,29128584
0,28079754
0,24530858
-0,16017544
0,06429815
-0,48105553
0,29301906
-0,15725908
0,26524085
-0,43085596
0,4635738
-0,08772242
0,08157843
-0,027826428
-0,29955584
-0,34556782
0,49262315
-0,35835874
-0,30578226
-0,26862067
0,05689913
-0,4955843
-0,12228066
0,15680844
0,41640437
0,0468511
0,4726773
-0,37459147
-0,025655925
0,24372381
0,483813
0,13556647
-0,18768495
-0,10269338
0,47950906
-0,18389782
-0,444874
-0,40915608
-0,08792156
-0,18386278
-0,24845049
0,48715174
-0,2473791
-0,33813822
-0,4851913
-0,42698297
0,3393737
-0,42069608
-0,3665377
-0,4555479
-0,2728685
-0,07015738
0,24848038
0,30889076
0,46795362
0,19910556
0,44806588
-0,46744147
-0,39852703
0,34257162
-0,23313954
0,054804385
-0,30567995
-0,03159076
0,19983715
0,47843188
-0,40595156
0,06001669
0,41460687
0,00019830465
0,44195175
-0,3914252
-0,40047106
-0,13428605
-0,17194366
0,051765084
-0,4044131
-0,36583126
-0,3038733
-0,34392393
-0,33996767
0,04636842
-0,023673892
-0,031762153
0,17191249
0,15844524
-0,1498546
0,07083893
-0,33336413
0,4767425
0,07829523
-0,33711845
0,43895042
-0,46770814
0,28386855
0,09405357
0,2528786
0,14773488
-0,24581647
0,045096397
0,21594566
-0,4864942
0,4569462
-0,45784107
0,0015836358
0,11807126
0,36674082
0,22831613
0,1377644
-0,15564072
0,38646233
0,40899813
-0,30914742
-0,24277878
-0,011826575
0,48868465
0,12871951
0,06701958
-0,08089486
0,20196414
-0,46358487
-0,095373064
-0,17156377
-0,17877352
0,37812662
0,3474555
-0,31869859
0,40671396
-0,23392156
-0,0011813045
0,016776145
0,047340155
0,0073441267
-0,1418044
0,24550545
-0,19903249
-0,015470773
-0,372435
-0,030272186
0,32958162
-0,29794005
-0,3113006
-0,13994083
0,33692688
0,059350908
0,20524079
-0,16159987
0,48771936
-0,23158449
-0,060626715
-0,13566679
-0,22560248
-0,048579276
0,49353683
0,33587694
-0,4127007
0,38948554
-0,07568771
0,20217353
0,19038063
0,18170625
-0,35299438
-0,21039018
-0,006928861
-0,05009219
0,059981585
-0,3190713
-0,04707244
-0,36307904
0,29076666
0,44443464
-0,021172732
-0,26724404
-0,31083828
0,058881104
-0,2580469
-0,38832235
-0,16941193
-0,24910975
0,3354668
-0,34332308
-0,17046371
0,36201745
0,3945366
-0,028049678
0,3584535
-0,13476458
-0,49999642
-0,033034444
0,43556076
0,32581973
-0,2858977
0,14478195
-0,038079828
-0,3994465
0,14693505
0,37247956
-0,198618
0,30381882
-0,008943319
-0,35069215
0,47099894
-0,12202868
0,26637816
-0,004718095
-0,08856204
-0,28352422
-0,24353814
0,29223734
0,23228055
-0,43694374
-0,15980336
0,2681489
0,034771204
0,3131917
0,2015236
-0,093075424
-0,19170934
-0,02144906
-0,22252828
-0,118064076
-0,34327292
-0,050602168
-0,24151066
0,37151587
-0,1867733
0,18928319
-0,1622172
0,12040472
0,37974495
0,21861917
-0,33357555
-0,4857733
-0,29667997
-0,053232998
-0,18223512
-0,23037004
0,06892973
0,35585117
0,35595304
0,3389939
0,18982959
0,2697544
-0,288629
0,46608132
0,24103498
-0,067166835
-0,43550235
0,38399363
0,32644916
0,26087612
-0,21898296
0,30327487
-0,41077983
-0,35153803
0,041546464
-0,12176016
-0,005090326
-0,36309043
-0,36197606
0,41932446
-0,3663265
-0,4174025
-0,4903894
0,22281551
-0,46437714
0,3983459
-0,3300719
0,48277158
0,2755834
0,40967172
0,018684149
-0,2955391
-0,019229352
0,20602977
-0,14620456
-0,31790143
-0,46657616
0,008340776
-0,13718858
0,2815653
0,11107123
0,3312242
-0,41465732
0,19604051
-0,37286747
-0,47809398
0,35069466
0,4734515
0,06704593
-0,17119142
-0,29881424
-0,40269515
-0,19762325
-0,40979442
0,12572926
0,3423251
0,49611187
0,077781975
-0,1681039
-0,18755764
-0,4216421
-0,0598121
-0,39823472
0,4608673
0,052160144
0,060160697
0,41834515
0,13162625
0,13187742
-0,16810524
0,2619781
0,29410768
0,17699933
-0,02822274
0,38953495
0,13080275
-0,16213098
-0,01680106
-0,2129111
-0,30330634
0,4391194
-0,019932568
-0,15980256
0,001445651
0,45435017
0,055806458
0,28435665
-0,4571067
0,007073939
-0,2681136
-0,46030352
0,46001506
-0,03256184
-0,20428744
0,2988541
-0,46638077
-0,3565929
-0,25246626
0,2675615
0,49041337
-0,0750922
-0,4310468
0,314982
-0,25037283
0,42663592
-0,14634845
0,34594637
-0,40502867
-0,26152343
0,23861164
0,4339177
-0,41730016
-0,042449057
-0,2888906
0,18073344
-0,04703805
-0,19929618
0,47855365
0,17038554
0,18302214
-0,10641995
0,44680887
-0,22847754
0,13060987
-0,02015543
-0,09726715
0,044472873
0,33306414
0,27798176
-0,05941978
-0,42274374
0,15052366
-0,43358868
-0,057076633
0,2739883
0,3071531
-0,24936727
-0,27590007
-0,1063723
-0,03457418
0,38222432
0,22291493
-0,16984501
0,3441795
-0,2934664
-0,40161034
0,15628165
0,28991598
0,25175655
0,43170708
0,14728886
-0,21696413
0,08092427
0,44101703
0,09746158
-0,31426632
-0,49332657
0,43314403
-0,08034846
-0,067653835
0,25906062
0,49428892
-0,2883133
0,23299491
-0,35824051
0,070323765
0,4918934
-0,40968308
0,34836423
0,34160733
-0,21300784
-0,08899781
-0,3088101
-0,37713397
-0,11539027
0,32769936
-0,038305283
-0,010877669
-0,46088615
0,16380477
-0,017704338
-0,07952729
0,4091136
0,2804253
-0,14797366
-0,24054661
-0,10693514
-0,33080065
0,28059357
0,07516402
0,34536612
-0,07282099
0,46170366
0,13267255
0,17236489
-0,28724194
0,019315839
0,20050335
0,010220885
0,37301612
-0,24085218
-0,2776267
-0,20005536
-0,2898423
-0,36733705
0,2376343
0,26013935
-0,49127626
0,1972869
0,25817186
-0,19443908
0,40306354
-0,19850355
-0,2210727
0,29163557
0,44815284
-0,23323223
0,23522645
0,10098207
0,27697903
0,33078295
-0,091719
0,22845417
0,10607195
-0,28010517
-0,15572199
-0,151032
-0,19828108
-0,47924298
0,41893148
0,33055615
0,014518142
0,15352601
-0,4482065
-0,375152
0,18481499
0,28141868
0,15673625
-0,36039427
-0,07922891
0,04557371
0,39270586
0,26245874
-0,06470984
-0,24907002
0,23997915
0,083866596
0,3018428
-0,062425166
-0,16865379
0,11969364
-0,11804995
-0,11604008
0,009689033
-0,15354723
-0,07293281
0,38934547
0,100471556
-0,024075747
-0,23646098
-0,290708
-0,4154284
0,17717123
-0,3129539
-0,033010095
0,18762112
0,38672256
-0,24784645
-0,21516669
-0,15708557
0,41014612
0,3728965
-0,25890842
0,423958
-0,47403812
-0,1562202
-0,17189333
-0,08431062
0,37823057
-0,17325088
0,031628072
-0,005844265
0,40565944
-0,40588954
0,25001264
-0,09944609
-0,2405768
-0,08982077
-0,23931307
0,025833607
-0,2521929
0,110251725
0,2256155
-0,11323407
-0,3001573
0,4276585
-0,20215762
-0,020398468
-0,16359705
0,38773888
0,41374767
-0,082803726
-0,40341216
-0,06951159
0,1797607
-0,41469383
-0,2907114
-0,19734234
0,35456562
0,059241593
0,12640303
0,08198035
0,29926986
0,14967489
-0,0134135485
-0,44489875
0,46921676
0,027251244
-0,36594078
-0,1970906
0,073565304
-0,04960394
0,10707182
-0,33958027
0,1951071
-0,05176115
-0,33534765
-0,2348158
-0,07654905
0,09386575
-0,30685708
-0,19448742
0,4732241
0,38426292
-0,10388696
0,25272608
-0,18930867
-0,3746845
-0,37242904
-0,0114739835
0,12725013
-0,4688636
-0,37579224
-0,43674338
0,069919884
-0,19993353
-0,032336593
0,3295313
0,2554865
0,28634083
-0,14509621
0,28146726
-0,16716772
0,4725957
0,08023721
0,26568413
-0,17593253
0,0121718645
0,13984305
-0,27085382
-0,34049028
-0,16848275
-0,4606076
-0,36725986
0,43253702
0,17153454
0,24330193
-0,13687536
0,29470056
0,10220468
-0,13648206
0,49290603
0,44055128
-0,23238543
-0,42622644
0,23841625
0,19966722
0,40129572
-0,24384409
-0,3535251
0,0576936
-0,36178058
-0,30379957
0,3182569
-0,09474817
0,22513437
-0,40193194
-0,4850715
-0,1993962
0,13232523
-0,1792863
0,4225086
-0,35152262
-0,32840818
-0,16520083
0,3807655
0,06253004
-0,2318218
0,35652584
-0,42564598
-0,026328057
0,42909855
0,29496187
0,08677459
-0,36143523
0,05826187
-0,2788767
-0,077676415
-0,23905271
-0,12721899
-0,107286096
-0,386986
-0,3886632
-0,006532401
-0,32483065
-0,17341411
-0,32617614
0,46497142
0,14175576
0,20552927
-0,27265614
-0,09867737
0,3102154
0,41029036
0,018282413
0,2579838
0,48521775
0,44293487
0,0019130111
0,4120775
0,055315793
-0,4032328
-0,029990464
0,4511851
-0,41359398
0,064748585
0,06675285
-0,18371296
0,03860128
0,40525007
-0,217329
0,05251354
0,47680962
-0,42503583
0,027306497
-0,050578
0,23660159
-0,39451575
0,49511415
-0,4230482
0,09754139
0,19853836
-0,13443324
-0,03782159
-0,23223096
-0,14607015
0,15726417
0,34655166
0,14502156
0,39231896
0,17559373
-0,060251683
0,15764481
-0,14398041
0,2967435
0,08011371
0,32992887
0,037427604
-0,18028483
0,4444208
0,15503347
-0,25725493
-0,27677178
-0,3471223
-0,49024114
-0,13860396
-0,26649112
-0,38223246
-0,19285119
-0,1079272
-0,4248616
-0,42687392
-0,2392726
-0,0070694685
0,42694998
-0,26536685
0,373814
0,20633554
0,21416503
0,4470818
-0,3400424
-0,1702612
0,46219563
0,49701548
0,35680383
0,009293735
-0,11816996
-0,3750757
-0,030815005
0,3804394
0,20539272
-0,23616466
0,33951807
-0,49444863
0,2717895
0,48034167
-0,08592239
-0,13514829
-0,22185108
0,15105051
-0,1368823
0,19594353
0,00023037195
0,08550894
-0,14815643
0,33794415
0,3921103
-0,18501872
0,36488354
0,42726517
0,12966174
-0,18432936
-0,24426427
0,2787742
-0,43484205
0,05238676
-0,1382412
0,09150171
-0,48699355
0,41925174
0,46305102
-0,19631636
-0,46368986
0,409496
0,24825877
-0,1837577
0,2100634
0,40940297
0,07698506
0,13519502
-0,42706376
-0,13572809
-0,45728225
0,3765102
0,24304438
0,47224885
0,31021225
0,29424852
-0,113876015
-0,07059729
0,44626075
0,056099117
-0,41190124
0,3048303
0,16679817
-0,46102834
0,044460773
-0,46915174
0,45581084
0,28611445
-0,28102672
0,34259987
-0,0849379
-0,39042628
0,40533203
0,37404215
-0,28465396
0,2904967
-0,031790107
-0,16339931
-0,48833576
0,17604262
0,060924053
-0,14443979
0,24765986
0,1946063
0,26800883
-0,22626737
0,34753704
-0,21288061
0,48362964
0,022181153
0,18475032
-0,3443823
0,35873294
-0,18950376
-0,049360037
-0,28158438
0,077295244
0,09787929
-0,3256557
0,48918772
0,48316288
-0,3023973
-0,49056602
-0,284778
0,08855873
-0,21576843
0,020023108
-0,3046974
-0,037464082
0,17475682
-0,4886809
-0,32837445
0,20803761
0,45977545
-0,36116004
0,0935719
0,25962424
-0,25794172
-0,06823012
-0,4841731
-0,23985747
0,15676188
0,19808805
0,07232833
-0,35422903
0,013784289
-0,09638429
0,06694329
0,13585246
0,2561537
0,37292486
-0,10460353
-0,15314838
-0,38141635
0,29163718
-0,33376834
-0,42604628
-0,19450006
-0,2931959
0,10098171
-0,0805552
0,33609158
0,096933424
-0,11187506
0,3541293
0,04656595
0,2624399
-0,08602917
0,037799656
0,3701231
-0,2724546
-0,34926152
-0,38409793
-0,38076422
0,16890925
-0,10755265
-0,16368243
-0,333287
0,4784305
-0,42160898
0,08551437
-0,015548795
0,1689049
-0,089417666
-0,06996906
-0,28344756
0,42530024
0,35003835
-0,30698454
-0,0046137273
0,35434216
0,05500865
0,45444256
-0,38797337
-0,09596464
0,37974763
0,28965122
-0,29533613
0,11711478
-0,3404096
0,47920918
-0,21277934
0,02282691
-0,31490004
0,17951095
0,38520265
0,3404833
-0,32660255
0,42331713
-0,3365131
-0,48536566
-0,46454248
-0,4432004
0,3372317
-0,30864465
-0,35016546
0,4904999
-0,05204174
-0,23062852
0,2473135
-0,29558223
-0,49639976
-0,15961498
-0,043305665
-0,47676462
-0,3873673
0,2891239
0,14899403
0,11087197
0,40803713
0,38816392
0,40559506
-0,47468305
0,030860364
0,05918497
-0,26378918
-0,10879406
-0,29916355
0,3058774
-0,34313548
0,10305369
0,26456928
0,08100915
0,36133635
0,49687493
0,30058807
0,4754539
-0,2729842
-0,17941964
0,07979798
-0,34688
-0,12532115
-0,35471463
-0,20274377
0,005048573
-0,42365
0,33557636
-0,29922473
0,47941244
-0,10728401
-0,19297057
-0,32177442
0,23116052
0,16242784
0,1172958
-0,37926745
0,3795449
0,06634414
-0,15580276
-0,41149163
-0,10457134
-0,077260286
-0,23903781
0,15363038
0,12089276
-0,17124662
0,2844066
0,30029142
0,2023542
-0,3118729
0,44477034
-0,23257896
-0,07676712
-0,22711945
0,20996511
0,3286488
-0,44438374
0,04375112
-0,2916575
0,1764549
-0,37731317
0,43040198
0,31845802
-0,07003832
0,23521733
0,0753203
0,49958634
0,4683082
0,060836494
-0,019528478
0,21831685
-0,2618477
-0,084791124
0,33231264
-0,07466495
0,39688647
-0,294919
0,13980001
0,305292
0,05049634
0,13828719
0,38377964
-0,13123232
-0,20854712
-0,050623566
0,20162576
-0,03421247
0,44534087
-0,36533755
-0,21283957
0,21655053
-0,38696215
-0,27095
-0,27655113
-0,27942604
-0,07423648
0,21202868
-0,3658203
-0,29744405
0,25545472
-0,4157387
0,031966627
0,118156314
-0,16581774
0,3445258
-0,44500285
0,43043357
0,21936667
-0,08778316
0,404729
0,2706393
0,2608086
0,2276702
0,37869155
-0,30870122
0,42666095
0,4178059
0,3862871
-0,056826383
-0,40431583
0,06407547
0,34186798
-0,4583376
-0,35941905
0,29219174
-0,34856197
-0,14791295
-0,38988835
-0,4686962
0,4312215
-0,14899021
-0,43448693
-0,36525625
-0,3922243
0,0011149645
-0,029595792
-0,084346324
-0,46809506
-0,40152094
0,44064802
0,2876582
0,3604139
-0,028468221
0,3759333
0,27858078
-0,005327463
0,14863181
0,38954473
0,40927833
0,1271683
0,08473861
0,09739035
-0,2136774
0,48014224
0,47721744
0,077218235
-0,08597502
0,41887534
-0,16747075
0,17628688
0,32790077
0,02876091
0,37433434
-0,029952079
0,3218432
0,12175304
0,45915484
0,3394661
0,3969307
0,36519676
0,051457822
0,007469058
0,33413363
-0,059989125
0,17737454
0,42177892
0,00948596
0,1085785
0,3314259
-0,29837644
-0,020685524
-0,28801006
0,07951498
-0,4153228
-0,36222547
-0,09899378
0,46799314
0,38242602
0,33416742
0,008218348
0,025021315
-0,19289249
-0,16976166
0,34638774
-0,17189506
0,22502655
-0,4321803
-0,05821094
-0,28642184
-0,32374012
-0,11343485
-0,32161057
-0,45489806
-0,20196843
0,10968292
-0,32836664
0,14512831
-0,47998458
-0,34232864
-0,06811133
-0,48812032
0,3961733
-0,0755662
0,49968404
-0,43698454
-0,08501327
-0,48721334
-0,10197732
-0,4142226
-0,027523696
-0,17438638
0,19648623
-0,4346412
-0,13732499
-0,34701413
0,09445852
0,15632087
-0,18271828
0,4732448
0,44575286
0,37910545
0,42899525
0,3959067
-0,20156106
-0,4805698
0,22061819
-0,10779309
0,27708858
-0,24282375
0,29894847
0,48544556
0,31887233
-0,38962233
0,08413464
0,21792185
0,17498541
0,39893985
-0,38180095
0,20328748
0,26280785
-0,4884154
0,016522884
-0,22304595
-0,17388442
-0,2935868
0,38839114
-0,37147075
0,37065828
0,12807393
-0,17713368
-0,123722374
-0,2105962
0,27530867
0,18130249
0,35374665
-0,22252828
0,38920212
0,36958945
0,3406322
-0,12183499
-0,08227387
0,07377362
-0,355031
0,12300837
-0,31525335
0,27116144
0,3994366
-0,3693487
0,14535165
0,028382361
-0,17514211
0,3967592
-0,4701359
-0,41214484
0,40641618
0,26211673
-0,007027149
0,31162894
0,19128275
-0,24507502
-0,26382494
0,23526359
0,32467276
-0,18551216
-0,23815307
-0,42274523
0,09679878
0,24191862
0,48454118
-0,003993869
-0,11273259
-0,22850233
-0,20837015
-0,33413047
-0,40947405
-0,02281037
0,2026726
0,06697863
0,39431727
0,36410147
-0,4149732
-0,4681595
0,45696926
-0,2583332
-0,03987372
-0,35725218
0,19319242
-0,43125913
0,046321034
0,31116313
0,47011167
0,03166467
0,32542604
0,28758037
-0,26425117
0,24744391
-0,39538142
-0,48550206
-0,3700402
0,07892668
-0,45342135
-0,1341053
-0,20510107
0,169675
-0,17839491
-0,16620049
-0,22826993
-0,071091175
-0,16653281
-0,0988799
0,28316426
-0,16248482
0,2899974
0,43653333
0,44288075
-0,39488342
0,1719513
0,036087453
0,47344625
-0,38826072
-0,13053718
-0,23564318
-0,25309157
-0,4128914
-0,1081785
0,2787283
0,39545316
0,27206558
-0,09573847
0,4945268
0,0946247
-0,16857228
0,13520563
-0,1653449
0,061178327
-0,25928253
0,119580805
-0,36151153
-0,35924405
-0,115844905
-0,022711992
0,15402597
-0,4285618
0,14641845
0,06824857
-0,23161125
-0,41913694
0,25118673
-0,12461427
-0,1696851
-0,46984753
0,025384307
-0,1293638
0,2602303
-0,1519269
-0,39441323
-0,3390255
0,30447507
-0,23412615
0,4368335
-0,4463148
-0,12491977
-0,12846833
-0,48279133
0,32037485
-0,29456225
-0,25901467
0,31356996
-0,3607558
0,4267118
0,15753925
-0,004935354
0,4234807
0,22459728
0,07262701
0,04770881
-0,08695379
-0,040914148
0,14829367
0,4125871
0,0643428
0,16870737
-0,12587875
-0,23800862
0,30675894
-0,1745924
0,24230516
-0,30625808
0,19882017
-0,20129365
-0,0619933
0,39996845
-0,3966558
-0,048261344
-0,2585038
-0,3477142
-0,32296628
0,40423542
-0,013321221
0,48191428
-0,31307545
0,02840978
0,13487679
0,24081439
0,35023528
0,22897297
0,37968874
0,10603303
0,055823743
-0,40632674
0,43282956
-0,40309963
-0,213141
-0,47595644
0,092897415
-0,21570143
0,3253883
0,11088753
0,321895
-0,25252682
-0,28154415
-0,04987338
-0,46606746
-0,4405124
0,098279655
-0,36402333
-0,24218947
0,48431903
0,2910332
-0,348082
0,091448724
0,44740486
-0,10641551
0,24978411
-0,38876683
-0,13471496
-0,48259723
0,00019204617
-0,05745381
0,47896332
0,4754144
0,12564951
-0,13890457
-0,41937423
-0,116539806
0,20897782
-0,4090464
-0,48625028
-0,4851441
-0,009055704
0,09822047
0,3096614
-0,35873947
-0,3972301
0,3052451
-0,05676222
-0,36373097
-0,2699238
0,4704516
0,34328127
0,26039338
0,3538096
0,4301393
0,18609905
-0,37868333
0,33779848
-0,45349982
-0,46599963
-0,025593758
-0,0034490824
0,015175164
-0,34188676
0,0023356676
-0,07928163
0,24509066
0,4553005
0,2496587
-0,06656155
0,34351033
0,006996453
-0,14620143
-0,23936185
0,20069641
-0,19394264
0,28030688
-0,18109742
-0,18051085
0,3400784
0,30625832
-0,049556345
-0,068462014
0,45186132
0,18675584
0,08403033
-0,19171178
-0,011538297
0,38645428
0,054729283
0,46721584
0,47399104
-0,46045095
0,4376995
-0,16256109
0,40543717
-0,033421457
-0,37472612
-0,36703008
0,43473274
-0,17391393
-0,40907758
-0,4554387
-0,11188337
-0,038086146
0,22753042
-0,26431662
-0,19446835
-0,30337596
-0,4949849
-0,2614773
-0,10300493
0,15521306
-0,25283843
0,14239556
-0,17566931
0,31130767
-0,47085968
-0,13181344
-0,4447777
0,35973448
0,33665097
-0,48322
-0,48719496
0,02863717
-0,1621455
-0,064959645
0,3608793
0,25127327
-0,3634954
0,2823791
0,095484376
-0,17538986
-0,42592177
-0,008936375
0,21302181
-0,40122956
-0,10054439
0,16222888
-0,36616272
-0,45513135
-0,03584382
0,2619443
-0,14005515
-0,18994656
-0,44755682
0,24100274
-0,40165955
-0,48707128
-0,07943559
-0,47913018
0,01386869
0,21245283
-0,49993384
0,20015424
-0,46629083
0,1457519
-0,33194697
0,084195495
-0,28957182
0,4220497
0,37061387
0,41421413
-0,28566504
0,02594322
0,447119
-0,014100492
0,186127
0,34241223
-0,4002739
-0,26299322
-0,006055236
-0,41087556
-0,41397414
-0,25363436
-0,028605253
-0,43380338
0,2909161
0,051414073
0,14589542
0,29420203
0,14315337
0,44398242
-0,26056427
-0,39953387
-0,13309073
-0,35678065
-0,131407
-0,08806765
0,42220527
-0,0814732
-0,46622503
0,0050310493
-0,12592411
-0,26381624
-0,27810305
0,16946715
0,2675504
-0,2678225
-0,11340669
-0,3423056
0,24131906
-0,29015607
0,49930876
0,4217496
-0,21403512
-0,15747777
0,42886865
0,13977331
-0,13115469
-0,21133941
-0,3504877
-0,23999539
0,13313234
0,054892898
-0,38779563
-0,16914779
-0,2879812
-0,39318672
0,029389739
0,20883334
-0,0846239
-0,030652165
-0,15902215
0,019916296
-0,47860938
0,39553344
-0,4081223
-0,197366
0,3537143
-0,32787037
0,43335426
-0,4314488
-0,45690536
0,318699
0,28089643
-0,19876966
-0,053264916
0,28305966
-0,024783075
0,49187106
-0,38806218
0,24546373
0,37625712
-0,0433293
0,23747611
-0,41373512
-0,26770186
-0,45407832
0,39481717
-0,14317203
0,014084101
-0,29003805
0,39377147
-0,02130866
-0,44660372
0,34821182
0,07611561
0,06215465
0,106749
-0,09923443
0,13658047
0,11336553
0,068145454
-0,3565808
-0,10405749
0,2775635
0,1279406
0,20452446
-0,15872699
0,20875531
0,46056104
-0,025361001
-0,450906
0,36554974
0,23960745
0,089686394
-0,31035382
0,36696315
0,36560786
-0,3968674
-0,36567956
-0,18241933
-0,4383864
0,240713
0,38636857
-0,09274438
0,17036813
0,25127214
-0,08904204
-0,05644536
-0,19489786
0,3415984
0,0038918853
-0,3764662
0,011840105
-0,022459418
-0,17768207
0,48825425
-0,48559567
-0,24352309
-0,07664719
0,031707525
-0,22983775
-0,09231055
0,05486822
-0,49305272
0,09077406
-0,16333681
0,30672115
-0,34819108
0,19551641
-0,19149897
-0,26027936
0,29209137
-0,061475277
-0,37955874
-0,07426533
0,07184553
-0,45209002
0,45882422
0,3511036
-0,40757236
0,1022647
-0,48125958
0,21791875
-0,3696578
-0,32708842
0,19268656
-0,30712312
-0,44945368
0,18484485
0,29037374
0,29103065
0,18402457
0,13038623
0,28147143
-0,34528422
-0,057092637
-0,3085884
0,259902
-0,26594275
-0,08599833
-0,049084336
0,14903921
-0,23938048
0,29959357
0,49634027
0,37859857
-0,2636295
0,462901
0,47897577
-0,24968117
0,21127558
-0,03017959
-0,2408489
0,30934995
-0,15954682
0,0117378235
-0,23901528
0,1286583
-0,043346405
0,16660637
0,10828495
0,33676648
-0,1657252
-0,07491213
0,2984919
-0,15555343
-0,384277
0,027366877
0,4881236
-0,22986692
0,3137864
-0,40171844
-0,40114743
-0,036411166
-0,4006793
0,019635737
0,35052466
0,30689996
0,48223883
-0,4054993
-0,21183762
-0,3226524
0,38381797
-0,1558713
0,104308665
-0,09291309
-0,414488
0,32155973
-0,22521743
-0,4049744
0,19017524
0,07458401
0,46328276
-0,49221748
-0,29520994
0,020118237
-0,1911934
-0,26727608
0,45701915
-0,45827228
-0,24304834
-0,20600826
-0,32506567
-0,48727217
-0,24055254
0,43585926
0,19280297
0,05830103
-0,02395749
-0,056285083
0,36738414
-0,050874323
-0,25009996
-0,3425979
0,37001437
0,1899898
-0,43291432
0,46871984
-0,22927278
0,33779413
0,09232348
-0,37054962
0,044666767
0,29774266
0,4059286
-0,30493653
-0,43188113
0,23575425
0,35420716
0,33285153
0,1998269
0,23789579
-0,3216403
-0,31727463
-0,31812525
0,3376243
0,44322067
0,43405974
-0,46587506
0,49837774
0,20701498
-0,44109166
0,13317484
0,019163549
-0,33772016
0,26302218
0,48018014
-0,32775366
0,48926598
-0,03647247
0,12310809
-0,4724659
0,42879868
-0,23994061
-0,39420712
-0,33488512
0,07640767
0,47567976
0,06877494
-0,18480512
-0,1287083
0,101855755
-0,20127556
-0,007990003
-0,108329415
0,15599507
-0,15862352
-0,20176858
-0,33635613
-0,030173123
-0,43908226
-0,25240377
-0,19715837
-0,37259018
0,40403062
0,43306667
0,10555881
-0,12983766
0,36345446
0,43622816
-0,15953016
0,22356355
-0,07031691
0,17740875
-0,2932502
-0,41611534
-0,065126896
0,23715699
-0,37927398
0,16722393
-0,47959846
0,26796383
-0,07788363
-0,29266876
-0,3697405
-0,44653577
-0,35128048
0,2199738
-0,38635212
-0,17333907
-0,44600546
-0,11076379
-0,30337876
0,44464624
-0,24615565
-0,014270991
0,2085504
0,4356823
0,49158436
-0,496432
0,021958828
-0,17738396
-0,36158073
-0,47159332
-0,21392432
0,15325832
0,32797438
0,30034876
-0,45216846
-0,07351962
0,47796005
-0,32445633
-0,26627824
0,12492198
0,4421271
0,30602515
0,06313187
-0,20061037
-0,28966466
0,18472052
-0,18714789
0,30251515
0,15104407
-0,13212764
0,18310076
0,13623035
-0,20278883
0,089260936
0,3151921
0,10290009
0,31576198
0,22589874
0,35847944
0,0327034
0,009891808
0,46580517
0,37006313
-0,011075199
0,32073277
0,31664324
-0,16779813
0,21219993
0,21054775
-0,033089727
0,25826788
-0,37847197
-0,30788612
0,16068757
0,011755705
0,17409337
-0,090274185
-0,22839358
0,42656273
0,20750493
0,21194202
0,07245332
0,3392312
-0,3817979
0,38927352
-0,21191576
-0,26844764
-0,017642826
0,01115346
0,16074628
-0,3500317
0,18258089
0,13436073
-0,46021852
-0,16128275
0,26941675
0,021592915
0,20103413
-0,163497
-0,4771113
0,12933028
-0,4864972
0,3189379
-0,38272253
-0,2981014
0,044797003
0,19481158
-0,38970628
0,35403818
0,09104258
0,4129653
-0,07174489
0,035300016
-0,33856145
-0,24701846
-0,07463065
-0,3794105
0,10736036
-0,3466917
0,23891574
-0,29948217
0,32616293
0,0045307875
0,3975767
0,37093246
0,11995733
0,3082589
0,3967268
-0,081842154
0,09004897
-0,35469812
0,16799206
-0,22583696
0,299945
-0,29518318
0,082356095
-0,057748348
0,3890478
0,424842
-0,068366855
-0,32604033
-0,22485611
0,26076257
-0,1547432
-0,39555052
-0,27831262
-0,4501059
-0,16738343
0,042331994
-0,31053275
0,04630655
0,26826185
0,013938189
0,030069947
-0,38712057
-0,4182153
-0,48215282
-0,1313788
-0,07045516
-0,12923774
0,2138614
0,22959495
0,25268376
-0,017163306
0,39426053
-0,020986676
-0,42674303
0,48027706
0,24149054
0,23252964
-0,47538504
0,2573799
0,4450785
0,3019275
-0,45018288
0,39635122
-0,40536535
0,24101794
0,27018493
-0,3141213
-0,09357053
-0,22951278
0,44026703
0,20870268
0,48866713
-0,101866275
-0,22442278
-0,34128916
0,17814034
0,04855621
0,44250858
-0,011816382
0,26653332
-0,39156517
0,08079803
0,12544519
-0,07547876
0,014883935
0,10355961
0,29301363
-0,48702556
-0,46453628
-0,28563514
-0,17396271
0,26397997
-0,37767714
0,28285617
-0,17647517
-0,06513274
0,2736119
-0,23068726
0,4090401
-0,12190738
0,2817772
0,14463115
0,3479839
-0,10846585
0,08228588
0,28212017
0,10255593
-0,26388004
0,23449022
-0,010416716
0,2906623
0,36969978
-0,18711796
-0,19643658
-0,35683817
0,026187241
-0,006330639
0,4992568
0,21472108
-0,06916547
-0,051255792
0,27626926
-0,19087505
0,25344217
0,15286654
-0,046753824
-0,19155005
-0,47079387
-0,49102372
-0,21351379
-0,14495018
0,27136314
0,080215275
0,08856374
0,02594632
-0,0948804
-0,30691665
-0,34970474
0,40970218
-0,010309279
0,089942396
-0,2770742
0,17832357
0,3966412
-0,32905287
0,013494492
0,46350074
0,045045912
0,30066228
-0,3077521
0,24198902
0,15668857
0,3009014
-0,07237375
-0,42907298
0,005800724
-0,22641262
-0,30246574
0,20914948
0,36096948
-0,40207264
-0,29531723
-0,22329408
0,31146955
0,06266999
0,48290944
0,3034641
-0,29886854
-0,34827387
-0,13262036
0,2447949
0,23278958
0,20690787
-0,26557207
-0,46480528
-0,3509772
-0,2786811
-0,40935773
-0,023745835
0,4760558
-0,3277074
0,0450148
0,32310575
0,4397115
-0,3416909
-0,44870526
-0,30764467
-0,22688088
0,271313
-0,46308926
0,18667424
0,46559042
0,41456193
0,27286392
0,087055266
-0,115201175
0,13565606
-0,072024405
0,16123754
0,28787148
0,37579405
-0,004670024
0,38979506
-0,18678162
0,045740306
0,43467182
-0,27509046
-0,43891725
0,15372115
-0,43262652
0,28226876
-0,36605364
-0,114791065
-0,294953
-0,08659655
0,15225184
0,46823835
-0,47820154
-0,48489183
-0,1597867
0,22715235
-0,49138775
0,46672398
-0,041433245
-0,0018357337
-0,41749024
-0,15272161
-0,05989948
-0,10841721
-0,025870442
0,07694411
0,04492861
0,30433434
0,09603417
-0,13348207
-0,14793786
-0,13201857
-0,40050608
0,29449803
-0,09322795
0,087676704
-0,23673043
-0,009091735
-0,28169334
-0,08559361
-0,06883839
0,39959043
-0,03872159
0,06689805
0,10313147
-0,1652531
-0,47228914
0,26789516
-0,45686167
0,343724
0,2643847
0,025861263
-0,2595042
0,21743524
0,37705874
0,37649953
0,054845393
-0,42843744
0,46772665
0,30522156
-0,21928805
0,00278306
-0,4389842
0,17130643
-0,14288864
-0,2942958
0,28101516
0,287058
-0,31216723
-0,31456637
-0,070426464
-0,47345844
-0,3934381
0,49821812
0,24048567
0,4090333
0,008314908
-0,4109626
0,18688798
-0,32576618
-0,0054392517
-0,045793027
0,44821298
0,32785457
0,021635056
0,30846518
0,17197514
0,052812874
-0,19309321
-0,3681298
0,34949285
0,12522781
-0,12467185
-0,25313705
-0,12894028
0,31109387
0,19815952
-0,06867647
-0,3820727
-0,023806334
0,472036
0,23791927
0,052717626
-0,43914005
0,46716702
0,44213098
0,13877183
-0,3330989
0,3660208
-0,22141206
0,4032113
0,27061605
-0,33948123
-0,42606863
-0,11928201
0,31704164
-0,277823
-0,1937195
0,48852998
-0,23277083
0,27998716
0,49042594
0,322262
-0,422251
-0,44740233
-0,39018044
0,04904455
-0,09678337
0,19141334
0,017422915
-0,020412296
-0,46166563
-0,19018209
0,16571796
0,30429643
-0,10762027
-0,034156352
-0,33091873
0,06487572
-0,080785364
0,48510385
-0,48343134
0,0006021857
-0,3040923
-0,33698517
-0,47053805
0,48298508
-0,1491701
-0,05292195
-0,3563416
0,07601333
0,26907182
-0,36928537
-0,27129555
-0,3709243
0,020763934
0,45898533
-0,08370727
0,387662
0,26550204
0,118165374
0,2053861
-0,47735092
0,08653706
-0,2943657
0,44079167
0,33023292
-0,33935413
0,13149095
0,09811306
-0,15563697
0,26041645
0,0985018
-0,16326249
-0,2582595
-0,22607452
-0,429759
-0,1746726
-0,41377485
-0,030976146
0,22666997
0,21350223
0,24957418
0,105636775
-0,43955898
-0,23334098
0,43668664
-0,2498984
0,27605975
-0,28604615
0,36018634
-0,09419769
-0,2937746
0,074836135
0,38685334
-0,32605797
-0,46375158
0,33740026
-0,12122753
-0,2889276
-0,42952007
-0,052075505
-0,18247369
-0,024792254
-0,37106636
-0,15246123
0,35832667
0,19685924
0,029923618
-0,3364007
-0,3023953
-0,21148932
0,028280735
-0,40546733
0,28422666
0,34057814
-0,20632371
-0,032820135
0,40453148
-0,047694296
-0,309171
0,35360545
-0,2921606
-0,050379246
0,21790504
0,12765819
0,105391264
-0,19294631
0,23514086
0,19261128
-0,09757465
-0,20940673
0,04925561
-0,39419317
-0,4927611
0,11792946
0,32488626
-0,20459458
-0,3615779
-0,09104872
-0,40290087
-0,45529372
-0,3284086
0,4691288
-0,05261287
-0,12296882
0,124759614
-0,046170384
-0,3468548
0,14422905
-0,18870854
-0,020991385
0,42358243
0,012093484
0,039594054
-0,40199822
-0,11946204
0,417804
-0,4357851
0,4904198
0,26060194
-0,49985194
-0,22986284
-0,37401402
0,47740674
0,24376363
0,07867396
-0,023465514
0,44906008
-0,010938764
-0,36464944
0,35179353
0,3447225
0,28926986
-0,49205524
-0,058173567
-0,34660846
0,03935063
0,24483794
0,036554337
-0,07387665
0,10805023
0,4451204
-0,028889775
0,48322982
-0,090222
-0,4821785
-0,036661267
0,086988986
-0,29603374
0,05231774
0,44776
-0,36126435
-0,21375921
0,4697544
0,11341196
0,26295722
-0,280295
-0,0868426
-0,41348344
-0,20513657
0,37769926
-0,2955227
-0,38303542
0,31835216
0,27550423
-0,2211056
0,44652247
0,26384044
0,16041708
-0,4774677
0,49836284
0,06619048
-0,40250006
0,3578351
-0,44182837
0,034582734
0,44165134
-0,13551426
0,48289096
-0,43806103
-0,40606242
0,06818688
0,32576567
-0,2631335
0,47114938
0,38595253
-0,05116871
0,40759015
0,4973032
0,32243872
-0,4943813
-0,20587572
-0,32218716
-0,30404168
-0,34692925
-0,10574314
-0,37726444
-0,3345526
-0,43664104
-0,33490753
0,4528975
0,16192812
0,34685403
-0,38706276
-0,31580758
-0,47474957
-0,36893976
-0,45254952
0,47141093
-0,017000377
0,0015872717
0,4464317
0,30784446
-0,047491908
-0,43521085
-0,1584678
0,07733363
-0,008368731
0,2993294
-0,4864441
-0,062133342
-0,4527177
0,27806407
0,3171963
0,12447643
0,25907856
-0,46405986
0,39040542
0,2465536
-0,15488157
-0,3315696
-0,49203074
-0,47657973
-0,23863211
-0,3048385
0,19225842
0,02928394
-0,24027416
-0,20392141
0,019108772
0,41731924
-0,49819112
0,075585544
0,36041898
-0,37573257
-0,016144931
-0,038328737
-0,027759373
0,26338542
-0,20670873
-0,43816778
0,29723102
0,30799294
0,039177
0,22684556
0,2693889
-0,44050366
-0,3292023
0,13576573
-0,3405005
-0,09666148
0,008741617
-0,16010827
-0,46721917
-0,103608936
0,12141228
-0,30476665
-0,24249029
-0,2434287
-0,09691051
-0,18677637
-0,13325247
0,2958181
-0,46213338
-0,058099657
0,3956467
0,3300355
-0,143404
0,28436536
-0,43124187
-0,018204868
0,036863446
-0,45698315
0,2671801
0,0019869804
0,11762357
0,22045195
0,45111227
0,11225879
-0,36444038
0,47606426
-0,4960649
-0,41129
0,47217208
-9,956956E-05
0,15337414
-0,02711302
0,35298556
0,24625689
0,119828284
0,4944101
0,34748667
0,00020110607
0,42116445
0,17179257
0,33968204
-0,20903286
0,012882292
-0,08114529
-0,42098248
0,18823999
0,030890226
0,2989418
0,38878542
0,32776165
-0,42324102
0,14262414
0,3015607
-0,05064568
-0,32784343
0,17342299
-0,0066438615
-0,191526
0,48796242
0,45731342
0,20239544
0,15714836
0,37299466
0,2597745
0,39658034
0,13460886
0,34419376
-0,04006955
-0,13844192
-0,37244296
0,49894834
0,36151594
0,24862486
0,16265166
0,41679162
0,0019927025
0,025895298
0,23810923
0,25382745
0,24733353
-0,25728706
-0,036606282
-0,20157719
0,02965349
-0,069471866
-0,25676244
0,27970678
0,4015323
0,31628913
0,058405697
0,46161908
0,19748986
-0,05006358
-0,4540325
0,1708684
0,15559393
0,20260209
0,097397506
0,27580464
-0,2081857
0,13528836
-0,17852184
0,082472265
0,07076079
0,18390673
0,26120907
0,15439641
-0,12468916
0,11569059
-0,16560176
-0,18027359
-0,40943843
0,14663267
0,084010184
0,46664578
-0,31985983
0,39564234
-0,06054312
-0,006085515
-0,3920624
-0,0974921
0,06134063
-0,3372096
0,49388897
0,13383317
0,15919483
-0,48069388
-0,056597263
-0,1484707
0,08821881
0,20473337
-0,17595938
0,25836968
0,13427722
-0,40030304
-0,01720196
0,30917436
0,26390588
0,41086787
-0,41807547
0,32418674
-0,46341532
-0,1319901
0,47515535
0,2223432
0,087824285
0,27009803
0,25279665
-0,17725497
0,33677298
0,3161291
-0,40130728
-0,10977587
0,031647563
0,15140134
-0,09708467
0,34349006
0,14248812
0,4471383
-0,351413
-0,19075564
0,41945392
0,373747
0,318752
0,3779021
-0,17634511
-0,4317608
0,261158
-0,38086933
-0,41764984
-0,15537989
-0,4220314
-0,0082322955
0,012178183
-0,41096357
0,4927128
0,08159244
-0,058306098
-0,16055039
0,30809987
0,4505272
0,46972924
-0,29277402
-0,33103728
-0,019702852
-0,21564293
-0,40967637
-0,4628243
0,2051192
0,4923224
-0,19982639
-0,16295159
0,17520702
0,0363189
0,10904455
-0,27857828
-0,046797693
-0,42221537
0,0221771
0,36698025
-0,06767589
0,121765435
-0,41551968
-0,31854856
-0,2643764
-0,2195549
-0,38098365
0,10507536
-0,037305415
0,29318517
0,12277824
-0,45664835
-0,0019390285
0,37822366
-0,42468446
-0,36094767
0,26159996
-0,111403316
0,33347088
0,25843966
0,40527397
-0,25874084
-0,35083234
0,0038573146
-0,2610747
-0,015386045
0,0839268
0,13769555
0,17604637
-0,35717747
0,3990394
-0,25196674
0,43605042
-0,17574957
-0,248965
0,37818617
-0,17652112
-0,090031266
0,28854352
-0,3244961
0,3819751
-0,11369407
0,4008119
0,29756224
0,37664264
-0,29070282
0,22362673
0,45724577
0,4534464
-0,13156337
-0,0075674355
0,44098592
0,26263714
-0,15783909
0,2567532
0,49589247
-0,17444324
-0,07085347
-0,055516243
-0,104385376
-0,45465583
-0,45393223
-0,13967824
0,28046095
0,4834606
0,038814187
-0,3574316
0,4244445
-0,4372177
-0,40820366
-0,3116573
-0,06266832
0,058380187
-0,23652774
-0,23064518
0,049940825
0,2942149
-0,42763087
-0,11124471
0,44915116
0,044436276
-0,43899852
0,10044491
-0,22291502
-0,32279664
-0,14556599
0,31211025
-0,23115733
-0,00010165572
-0,038019627
0,2541083
-0,40468302
0,43284142
0,15431768
-0,3927224
0,040165126
-0,49031305
0,27660954
-0,48083746
-0,49658012
-0,25697958
0,3212855
0,12452996
-0,11496797
0,47812814
-0,4445177
0,17515588
0,3199846
0,15907383
-0,33351463
-0,3653523
0,47042137
0,10273981
0,23724318
0,24074823
0,11872202
0,40563524
-0,32556027
0,087258756
-0,3844621
0,2286253
0,20285481
-0,35398465
-0,24220705
-0,19414413
-0,15327412
0,13922858
0,11151606
0,2594952
-0,20948654
0,06528026
0,32875454
0,08964741
-0,43435788
-0,13485825
0,44877416
-0,23343939
0,30118185
-0,1703588
0,13893378
-0,43608516
0,46357542
-0,46376467
-0,02381593
0,15737224
0,104252756
-0,04919347
0,31006467
0,37114686
0,041247725
-0,10988024
0,31250423
0,18225789
-0,42904562
-0,17632118
-0,44586337
0,11860365
0,07928914
0,28491187
0,49643815
-0,08401039
0,12519497
-0,32973647
-0,36129624
0,4042648
-0,27585953
0,45689636
-0,0068713725
0,30693287
-0,23105264
-0,21199724
0,4731962
0,15569967
0,3382398
-0,30122757
0,12731701
-0,2293958
0,3069036
-0,24205875
0,39787394
-0,36546206
-0,30858618
0,40398544
0,2307908
0,46101552
0,43732262
-0,24823517
-0,12746188
0,4394812
-0,46872294
0,25560087
-0,41229647
-0,19173747
0,37278867
0,42070645
-0,07303086
0,48782247
0,20950526
-0,48218933
-0,42778945
-0,15266436
-0,3085931
-0,20511135
-0,22138065
-0,46788827
-0,22493902
0,31548083
0,45198756
0,47348934
-0,019944578
0,06568855
0,15955698
0,23906767
-0,025441974
-0,22776851
0,46571207
-0,21348765
0,42392188
0,26195878
-0,25001562
0,21441752
0,18829697
-0,007882059
0,49534684
0,3210165
0,21257573
-0,47739002
-0,39311263
0,1315561
-0,44047773
0,019541979
0,29762655
-0,44492075
-0,23352605
0,22785306
0,4561118
-0,15623805
-0,2884028
-0,49701545
0,2232883
-0,1652072
-0,16397521
-0,2690277
-0,37119663
-0,29706478
-0,37700573
0,10467696
-0,4360702
0,43132764
-0,3093128
-0,03476703
-0,338326
-0,086681485
-0,242787
-0,38040027
-0,4033051
0,17326093
-0,38689452
0,17828369
0,43002808
-0,30368817
0,37489694
-0,14688107
0,3947627
-0,38328582
-0,3999229
0,33590353
-0,47782132
-0,2419095
-0,32848153
-0,17921585
-0,47803745
0,111150384
0,43728167
-0,32516283
0,21689153
0,45315796
0,29447138
0,48537886
0,11257285
-0,23047143
0,0006777644
0,031157076
-0,056822628
0,11711568
0,24252218
-0,20289856
0,016997159
-0,056382895
0,35922503
0,47253674
-0,16917351
0,13980967
-0,28210026
-0,44100124
0,33793133
-0,36025652
-0,02235356
0,43854982
-0,021304071
-0,34542236
-0,45133278
-0,27213615
-0,14248142
-0,17644691
-0,49841434
-0,11911848
-0,48864013
0,41131878
0,06071216
-0,38044548
0,037546337
0,36993152
-0,23691773
-0,0074844062
0,12110454
-0,07541728
-0,3764475
-0,472863
-0,17124602
-0,20425421
-0,033501625
0,3128752
0,02807206
0,4194771
0,20647329
0,33370554
-0,38601267
-0,2246989
0,026716888
-0,42811206
0,38303465
0,4560141
-0,49151865
0,14717007
0,4732275
-0,24326706
0,035498857
-0,34407726
-0,45652956
0,29571414
-0,3066998
0,40273315
-0,2498739
-0,071220845
-0,05442971
-0,19086793
-0,14467514
0,031047821
-0,37940013
0,47778887
0,06972259
-0,08346468
0,4881335
-0,03005156
0,2792312
-0,39444363
0,45953947
0,3454243
-0,06681737
0,44360518
-0,23267192
-0,2588821
0,10088396
-0,21211135
-0,12967426
-0,103571534
0,13741755
0,38388687
-0,43724364
0,004609883
0,14362621
0,010602891
-0,32923734
-0,28238046
-0,30561706
0,105271816
-0,38318405
0,28347164
0,37144804
0,4701007
-0,30214417
-0,20178288
-0,0942643
0,46514332
0,25203943
-0,08986348
0,13385636
-0,3660454
0,28639966
-0,27338755
0,41078502
-0,27557588
0,22294933
0,18304157
-0,012648553
-0,11082074
0,3789491
0,37470096
-0,13917637
-0,31094965
-0,37595105
0,079016864
0,48058504
0,17539436
-0,31301972
0,47062993
0,080755234
0,32183915
0,21157885
0,010017812
0,14985532
-0,32995844
0,21089005
-0,44615814
0,43244094
0,38335586
-0,086960435
-0,053530186
-0,3768079
0,21629411
0,3117746
0,028209507
-0,1319952
0,40289629
0,3154751
-0,4552897
0,24587208
0,4260859
-0,2832264
-0,30347127
0,26227129
0,4831236
-0,12977016
-0,33714148
0,10081524
-0,31178373
-0,1287592
-0,33247215
-0,18342957
0,2007348
-0,454258
-0,24730268
-0,055986315
0,09338319
