125
20
0,2677409
0,36602974
0,40159965
0,2345733
0,47161233
0,4841128
0,38968307
0,17721778
0,40131223
-0,090128005
0,1778537
0,3065849
0,35683113
-0,13462687
-0,0067262948
0,021801293
-0,37598234
0,33154756
-0,47550246
-0,17197752
-0,28921506
-0,41902143
-0,20044121
-0,040234953
0,3678077
0,008099079
-0,43176064
-0,084854424
-0,44469422
0,38378948
0,4308002
0,45979947
-0,0070650876
0,46825057
0,43922955
-0,41255403
-0,3867265
-0,27825066
-0,2100021
0,19923806
0,25042647
0,23660529
0,43913478
-0,25484154
0,20226687
-0,01241219
-0,028650522
0,0052348375
-0,4377777
0,33830804
-0,096517324
0,090292394
-0,22668383
-0,34293878
-0,24291623
-0,30201268
0,23698878
0,4411757
-0,19663095
0,102378845
-0,21137288
-0,17741418
-0,44222865
0,00056523085
0,13979012
0,2631629
-0,4721662
-0,4241433
-0,49033526
0,055645645
-0,43892494
0,12027627
-0,016560942
0,011303484
-0,28089488
-0,10773966
-0,22439456
0,14318931
-0,1749256
-0,28349853
0,28390425
-0,13173938
0,32575244
0,26225263
0,18119872
-0,16264361
0,04069352
-0,11503145
0,23864532
0,00851804
-0,1663765
0,260175
-0,4493425
-0,32740507
-0,45150316
-0,0959374
0,27128083
0,024427176
-0,11221272
-0,012769401
0,30952203
0,3386233
0,34633553
-0,35463294
-0,31733835
0,42112786
-0,260539
0,0032936335
-0,052366436
0,18536699
-0,019444823
0,3364383
0,4978736
-0,120462
0,3066339
-0,29348665
0,13669097
-0,28774646
0,19545233
0,43649966
0,34524554
-0,122469485
0,034263432
0,35479867
0,46113753
-0,4488698
0,46978468
0,11666274
-0,3090248
-0,31031638
-0,38969287
0,15887678
-0,28160733
0,25599694
-0,44552487
-0,033803076
0,16232836
0,202829
0,3662268
0,18053353
0,24704796
0,17377132
-0,44581074
0,23132914
-0,30999914
-0,09194788
0,37478948
-0,31241795
0,19551617
-0,40408698
0,23971617
0,35129386
-0,17369998
0,1305626
-0,26929495
-0,07458195
0,37389743
-0,086764336
-0,04870656
0,2585088
0,20327717
0,107754886
0,20350516
0,32854372
0,046644747
-0,4166283
0,403724
-0,24948248
0,28708988
-0,13004991
-0,45873466
-0,024073333
-0,2812385
-0,168508
0,12130666
-0,03159845
-0,05190909
-0,041559815
-0,398829
-0,08854061
0,082717896
0,19890654
-0,19862077
-0,13997427
-0,42548496
-0,3393042
-0,22459823
0,43925804
0,30337852
0,30854762
0,18130136
0,06963253
-0,44095868
0,35846013
0,18744189
-0,16294438
-0,20461032
0,40622312
0,027971864
0,3096025
0,1389451
0,21450233
0,17677891
-0,38924617
-0,22898334
0,03646916
0,10814935
-0,40454584
0,07395798
0,18371528
0,21602541
-0,48818684
0,2538479
0,45365816
0,13726032
-0,34335583
-0,15857396
0,213332
0,31882817
0,21053475
0,4914186
-0,24096897
0,117046
-0,4622618
-0,34399045
0,16214919
-0,4966302
-0,3471143
-0,26383126
0,15588051
0,22035599
0,07036853
0,11896652
-0,16892245
0,117227376
0,23720413
0,12686276
-0,11407712
0,30482727
-0,2735957
-0,49741292
0,42995113
-0,37941593
-0,41685295
-0,10749027
-0,4986363
-0,05114299
0,072110355
-0,45778158
0,04772252
0,0684337
-0,028140754
-0,41107935
0,17970473
0,15821582
0,25483346
-0,23550949
0,030100286
0,17257404
0,44747496
-0,36843193
-0,01394102
-0,3450242
-0,21262282
-0,21724293
0,25586843
-0,016329646
-0,3573633
0,23555404
0,35154343
0,4626881
-0,46645895
0,012985587
0,36755496
-0,28330636
-0,07798588
-0,48588938
0,16480774
0,13858306
-0,421236
0,43594122
0,1306141
0,116238534
-0,03383836
-0,09196341
-0,48771474
0,29057384
-0,3400643
0,09044325
-0,21949148
0,23485243
0,4155233
0,43655956
0,048415363
-0,04918343
-0,42631495
-0,43930018
-0,04035735
-0,25494018
-0,048386574
0,42272735
-0,058325827
-0,1578852
0,06465483
0,35310906
-0,32696465
0,31385082
-0,06323531
0,32729876
0,44098717
-0,041011363
0,30450827
0,36696863
0,4618581
-0,09125984
-0,41292906
0,23026127
0,1774472
0,46214217
0,10467696
-0,43619627
-0,40781456
0,036875725
-0,14045918
-0,45283312
-0,12115964
-0,010559946
0,07403451
-0,14125714
0,48075068
-0,0496051
0,42173296
0,07602936
-0,08006188
0,04146403
-0,42059287
-0,43079323
-0,23295176
-0,22704026
-0,0038476288
-0,44536847
-0,28089792
0,35147762
0,24980193
0,36700648
0,23152888
0,076385915
0,05180949
-0,29175508
0,36296308
0,46169782
-0,2573756
-0,063114166
0,26145923
0,3934865
0,35251087
-0,22768539
0,09915465
-0,45707813
0,25299692
-0,40439808
-0,04457298
0,007502675
0,054719925
0,36202526
-0,07300505
-0,47967884
-0,015196681
-0,03597316
0,28173906
-0,09999025
0,17187124
0,018933356
-0,29349408
0,12891656
0,48000735
0,16479361
-0,32183367
-0,053088814
0,20059776
-0,49755278
-0,034992903
-0,27723676
0,17063904
0,47379565
-0,34760237
0,38046002
-0,16414157
0,19303918
0,10188186
-0,1928801
0,4439181
0,13107306
0,17285562
-0,35520312
-0,46897674
0,09992373
0,14429432
-0,35681087
-0,12114
0,34812468
-0,44975448
0,3696038
-0,3800956
0,16040635
0,4523177
0,4488262
0,11132759
0,025181353
0,3092621
-0,09881368
0,34934568
0,16883594
-0,2898659
-0,07294795
0,23478073
0,07402599
0,31291705
-0,34356442
-0,3553248
-0,22526363
0,41672832
0,41410583
-0,28714216
-0,10084334
0,40039957
-0,34444374
-0,06934452
0,32217366
0,28883648
0,081433296
-0,04829374
0,0698784
0,22150701
-0,24999917
0,124792576
0,062880576
0,36701357
0,46816826
-0,1882765
0,48667204
-0,0337829
0,22532529
-0,01876995
0,20652974
0,38309938
0,22713685
-0,19850647
0,07824254
-0,38420576
0,33589363
0,14001054
-0,37629402
0,28696483
0,44923759
-0,06368086
-0,36933404
0,11965269
0,39450252
-0,053583562
-0,016761184
0,49635065
-0,4252224
-0,39142072
0,38961828
0,11147249
-0,42717338
-0,13107508
-0,2762056
0,24710357
0,3157559
-0,39580655
0,11795515
-0,48627552
0,2964288
0,35007483
-0,40944064
-0,17947164
-0,15887797
0,35666502
-0,18237734
0,24190998
0,3986873
-0,47451776
-0,42650384
0,38886583
0,40553862
-0,21303731
0,20270157
-0,36126417
0,18523473
-0,39060548
0,43668538
-0,028621823
0,20723015
-0,24077654
-0,3957221
-0,023972869
0,20573622
0,2583431
0,4056682
-0,16357839
-0,17492372
-0,16906568
-0,28423303
-0,1893352
0,26732916
0,1014846
-0,20802897
-0,06878659
0,39118874
-0,15625146
-0,10689372
-0,35112506
-0,15362054
-0,16389108
-0,38745084
0,38702404
-0,03386143
-0,33652163
0,3683915
0,40756345
0,22035986
0,096327305
0,385646
0,13734281
-0,3449468
0,21328914
0,08377701
0,1304465
0,12600923
0,40519768
0,29174584
-0,2831412
0,25883466
-0,41850433
0,20056826
0,29369926
0,4159521
-0,1673995
0,06398088
0,35607076
0,2652778
0,20198345
0,47676402
-0,05591944
0,32271892
0,37362397
0,28964072
0,08618611
-0,30850813
-0,39697775
0,34929508
-0,31315356
0,22811204
0,24208456
-0,27896518
-0,30035394
-0,40868342
-0,016461194
-0,4816839
0,26251507
0,20487541
0,070611894
0,4117769
-0,48756036
-0,0010892749
0,098131955
-0,37355536
0,2483356
0,13361686
0,078336
0,2938488
0,36450428
0,19341332
-0,09433597
0,24276161
-0,056616306
0,36361682
-0,25995138
0,15759051
0,43179917
0,4234339
0,32528323
-0,3645136
-0,29541582
-0,44121832
0,26551765
0,14417446
0,43578655
0,06510121
-0,28006172
-0,20373896
-0,3364949
0,076268435
-0,3216495
-0,14694515
0,04608035
-0,3715015
0,46015978
-0,1461921
0,01953429
0,34196627
0,26471263
-0,48154446
-0,01956895
-0,44286758
-0,07220277
0,073414624
0,37511754
-0,061689258
-0,20859155
0,4287305
-0,13575211
0,41500646
0,34013903
-0,095519006
-0,33617452
0,14417255
-0,34304678
-0,22138774
-0,28774095
0,13470012
0,3530373
-0,092933565
0,31500536
-0,32097977
-0,49144295
0,47695732
0,14647567
0,09621674
0,25899523
-0,231805
-0,19813654
0,1293307
0,011963129
0,19144702
0,1523673
0,10471451
-0,022495776
0,12316704
0,19697082
0,012501657
0,097299635
0,005224526
-0,13061562
-0,16314283
0,3301528
0,23165894
-0,31054914
0,15573466
0,33077586
-0,37230194
-0,30892605
0,34584242
-0,17610687
0,03898126
-0,3010295
0,38759804
0,1888724
-0,31264335
-0,33471113
0,080536425
-0,40045872
-0,19720274
0,40513116
0,34696412
0,06345463
0,48151433
0,42522848
-0,3250371
0,40193915
-0,4242237
-0,29327118
-0,31220984
-0,4449628
0,30397964
0,32503217
-0,33023956
-0,23114043
0,02570945
-0,22259143
0,0237329
0,031192541
0,48457557
-0,3217649
0,386146
0,3198353
0,24493086
0,35956007
0,42506164
0,030326366
-0,4117837
-0,22069937
0,04225111
-0,051854312
0,18344378
-0,119920164
-0,21814877
-0,42298177
0,33892065
-0,12368816
-0,31333527
0,1872456
0,28171617
-0,3713508
0,23463345
0,40733534
0,41133106
0,30945933
-0,004050404
-0,34239572
-0,41487908
-0,051953346
-0,12727082
-0,24137214
0,008877516
0,4977876
-0,19740936
-0,34937978
0,24899739
0,21518546
-0,069160074
0,49139577
0,085713625
0,097733736
0,4177739
-0,07946542
0,4865027
-0,2633537
-0,12796056
-0,0777179
0,06061119
-0,14469346
0,15274966
-0,18294212
0,30217797
0,01590252
-0,3281132
-0,45041353
-0,4319824
-0,14176527
0,30785024
-0,27877355
-0,39561605
-0,27915588
-0,2145668
0,37737852
0,3401608
0,22423363
-0,28894567
0,46960378
-0,2931211
0,1975255
-0,3767118
0,076589346
0,3961705
0,49244875
-0,2821082
0,15565437
-0,31791985
0,11558741
0,3322323
0,3345036
-0,3171522
0,3725561
-0,35874724
0,46206105
0,06821275
0,030592144
-0,22672907
-0,17258772
0,44311053
-0,3640709
0,06290054
0,33025908
0,20074642
-0,116680205
0,17097884
0,28701842
0,44141454
-0,11242667
-0,26495934
0,4301964
-0,08368477
0,11882347
0,47143608
-0,33226037
0,11714333
0,21656775
0,1819284
0,025435865
-0,30743885
0,12080926
0,43854773
0,036274314
-0,3030795
-0,07746595
-0,110583484
-0,018326372
0,27403003
0,08611274
0,025501668
-0,021992534
0,2031976
-0,29896915
-0,29483032
0,3604353
0,35430408
-0,30665582
-0,3336408
0,1657412
0,2281264
0,21943402
0,20160246
0,09139508
0,17632699
0,40623343
-0,3812163
0,35773718
-0,49045205
0,37845415
0,2677089
0,3102759
0,27649593
0,44603974
0,27959007
0,084255934
0,11430997
0,10876131
0,09102082
0,17411727
-0,11631045
-0,47753224
0,048796237
0,19556224
-0,16719922
0,40852207
0,13835484
-0,36369216
0,17491549
0,3280517
-0,15152597
-0,31220943
0,15943068
0,10248107
-0,17712831
0,10937178
0,46771544
-0,29779112
0,43384057
0,25710142
-0,15566304
0,008599818
-0,31403553
0,1604402
-0,3967827
-0,40284052
0,27225202
0,3914907
0,04404807
0,058077335
0,01330781
-0,47428256
0,019392312
-0,0866172
0,49316394
0,07943362
-0,049303174
-0,018437684
0,2337529
-0,42737353
-0,2734697
-0,19153228
0,1869505
-0,2958274
-0,14274073
0,47862387
-0,10543588
0,19643849
-0,41149515
-0,09941685
-0,25646305
0,31524903
-0,20981854
0,3006727
-0,30401456
0,02897495
0,25086915
0,480654
-0,10679397
-0,103283286
0,3442322
-0,22625548
0,48521906
0,4383332
-0,16400611
-0,3953158
-0,46847078
-0,48075312
-0,14686626
0,11583525
-0,26376843
-0,11139324
-0,11270267
-0,27428
-0,39472902
0,060975075
-0,29610673
-0,46741608
-0,31917325
-0,2883122
0,22892457
0,034160614
-0,3394886
-0,4567097
-0,28952157
0,2549078
0,2643019
-0,26878566
-0,097182214
-0,40839252
0,36574674
-0,19770947
-0,28953248
-0,33422738
-0,0020725727
0,31797856
0,38520604
0,31622565
0,40123063
-0,35298198
-0,09807548
-0,10012835
0,18455201
-0,38351506
-0,37362003
0,09950048
0,13457268
0,3087057
-0,025189996
-0,3860614
0,22066355
-0,3264624
-0,4129074
-0,09543371
-0,42057422
0,0364244
-0,35602483
0,3677888
-0,07787424
0,24442995
-0,41064376
0,35004777
-0,39639783
-0,13643
-0,26114523
-0,28683853
-0,17746091
0,4186902
0,049042523
0,20528764
-0,24094903
-0,49704656
0,16309577
0,15652603
0,42194653
0,3255238
-0,36683604
0,16640383
-0,32365638
-0,34500808
0,2557121
0,047115564
-0,13956234
-0,41587475
-0,21665159
-0,35169408
0,48811322
-0,06952876
-0,039720684
-0,3891328
0,47787297
0,12796068
-0,47214842
0,148597
0,3561641
0,38699585
-0,49924043
-0,17546764
-0,481435
-0,16059309
0,35090554
0,16314715
-0,365101
0,3738798
-0,15195194
0,32179266
-0,054358453
-0,48860565
-0,24934146
-0,02817446
-0,117669374
0,08395326
-0,37238908
-0,25664827
0,30691057
-0,20281649
-0,48199934
0,2683767
-0,28408635
-0,1312094
0,37704253
-0,49300563
0,4688502
-0,22812402
0,027554333
0,18873519
-0,44985092
0,434335
-0,33138037
-0,12889987
-0,44359058
0,10959673
0,13798183
0,02024442
0,12775534
-0,21536082
-0,38612327
-0,37626773
0,34985
0,11442852
-0,14209193
-0,04098481
0,34495372
-0,45082283
0,1902954
0,123530924
0,39333993
0,21842217
0,11833948
0,24382442
-0,20560852
0,19690698
-0,4518754
0,28646904
-0,2054826
-0,2970106
-0,21565774
0,46374398
0,4789036
0,25951105
-0,08559692
0,41696513
0,34709907
-0,22872314
0,39559305
-0,07197043
0,110898554
-0,1337471
-0,27652648
-0,32274634
0,4143172
-0,057710767
0,1867091
0,04983473
0,44387645
-0,2642116
0,49754274
0,08534777
-0,04933071
-0,220714
-0,4453445
-0,23481098
0,48634887
0,39945567
-0,4348649
-0,16843393
0,04674393
0,06157857
-0,11210263
0,05098003
-0,2289438
-0,06047663
-0,4828368
-0,2871253
0,34110737
0,017901003
0,12545961
0,12742943
0,32100314
-0,4482352
-0,23480317
-0,22423285
0,03305006
0,4954142
-0,4170534
0,20391119
0,33953077
-0,40754074
-0,2118693
-0,15015739
0,21298647
-0,3301004
-0,2156891
-0,40795922
0,1436246
-0,15528932
0,034653783
0,19735944
-0,039823264
-0,07478297
-0,09944594
-0,026693374
0,396527
-0,3142746
-0,3101736
-0,21671018
-0,31275973
0,07676411
-0,37870252
-0,1693047
0,3917706
0,3564924
0,18902832
0,30322766
0,13012874
0,039708495
0,06855422
0,12232095
0,31832045
0,11018455
0,20159978
-0,16629621
-0,234642
-0,32439268
0,3721494
-0,07028377
-0,4766265
0,18035048
0,46994954
0,41136038
0,12530535
-0,35885674
-0,27975386
-0,3649351
0,47756398
0,48265898
-0,18564847
0,34310585
-0,09943378
0,39354938
0,14743304
-0,022120178
-0,17957303
0,08550173
0,4880581
0,069704294
0,06772059
0,44628876
-0,3503545
-0,34551996
0,38492626
-0,25453967
0,123307526
-0,44316986
0,2566241
-0,09610528
0,47699976
-0,10697532
-0,4444092
0,3113479
0,2519092
-0,22718006
-0,039207637
-0,13211653
0,41986716
0,27318394
0,13158917
0,27888197
0,24459201
-0,05520481
0,04732251
-0,049965918
-0,38351208
0,122437656
0,20271868
0,42141247
-0,096458346
-0,07154173
0,47308242
-0,27563104
-0,3253399
-0,45012733
0,3654418
-0,2466752
-0,23300898
0,306971
-0,43199307
0,3132385
-0,14636981
0,16865641
-0,0829415
-0,4320631
-0,39534566
0,07592976
0,12764871
-0,31480205
0,47304934
-0,49033493
0,4729876
0,4908164
0,12844902
0,3454067
-0,16747454
0,3879767
0,081326604
0,3637811
0,11606914
-0,43378323
0,07325679
0,48236406
0,15537333
0,3676166
-0,17722526
-0,02061522
-0,20594963
0,006343305
-0,39359713
0,33888394
-0,2722195
0,43198937
0,14144337
-0,23655626
-0,045936525
-0,35131443
-0,39335674
-0,007257551
-0,15671289
-0,18498471
-0,02625689
0,35840327
0,2950164
0,4018333
-0,051036984
0,2689044
0,023362696
0,48787344
-0,20349884
-0,44936484
-0,4982528
-0,08839986
0,09882766
-0,21496373
-0,36857453
-0,1977067
-0,20395055
-0,4227505
0,48187667
0,25908267
-0,13187066
0,33838105
0,42603594
0,26436538
0,187011
0,0053734183
0,07312137
0,3609262
0,114866674
0,30270493
0,3737768
0,3291458
-0,052007347
0,070592284
-0,01815474
0,04124832
0,13138044
0,083835125
0,21289212
-0,047002047
0,25241184
0,13302922
0,3768124
0,097016156
0,43256944
0,13977587
-0,1290046
-0,03581631
-0,16815645
-0,30585968
-0,4025815
-0,45770895
0,34568226
0,15597314
-0,26401037
0,210518
-0,14986381
-0,28365326
-0,14945167
0,27055377
0,22577304
0,17938691
-0,23277527
0,26214778
0,089649916
0,3786565
-0,06457189
0,3320471
0,02163279
0,48619097
-0,12443954
0,29060322
0,1499871
-0,24330416
-0,026584983
0,29039544
-0,4355482
0,12553489
0,1030736
-0,42054683
-0,32750458
-0,49153253
-0,22541043
-0,46484688
-0,3142411
0,15829355
-0,3242135
0,41920722
0,4374032
0,43090773
-0,019918084
-0,114179105
-0,407032
0,37245756
-0,1008831
-0,4381084
-0,15897185
-0,041866004
-0,24638751
0,18594879
-0,32230824
0,49013132
0,3623718
-0,38945767
0,39710116
-0,4829367
-0,11892554
0,1038363
-0,12230852
-0,17557293
-0,19927943
0,03855729
0,4381883
0,1453104
-0,14427686
-0,28058124
-0,4384834
-0,22064191
-0,17159247
-0,039858162
-0,3290074
-0,23592392
-0,1649796
-0,0040513873
0,059227347
-0,23107487
0,12441069
0,18380672
-0,46094832
0,023922622
-0,4565887
-0,38380116
0,22127765
-0,38623074
0,31321037
-0,109675646
-0,42218903
-0,32046163
-0,13127759
0,11088538
-0,36485428
0,2960993
0,47300112
-0,12225574
0,027116299
-0,22581849
0,30815667
0,072161496
0,29405707
0,19194621
-0,13368288
-0,2814058
-0,4260024
-0,041799694
0,42764127
0,03801465
0,4942634
0,29748362
-0,11593902
0,39766037
0,084501505
-0,35589737
0,17497188
0,25095403
0,058019817
-0,17760909
0,2921887
0,33885682
0,2329148
-0,375396
0,14266795
-0,06404048
0,48742795
0,1492219
0,024904251
0,09435451
0,10183722
0,02841252
-0,3859305
0,22012943
-0,47644454
0,44786805
-0,21560574
-0,2739606
0,037351966
-0,18999967
-0,43052244
0,3149619
0,38706678
0,49034452
-0,38802403
0,4356187
-0,4225998
0,054730117
-0,38034147
0,31530815
0,16597986
0,09069377
-0,44467497
0,1556192
0,055069327
-0,3900002
-0,3825155
-0,45158184
-0,13588658
-0,29336017
0,03185171
-0,41661882
0,11525589
-0,46556476
0,3538081
0,2915222
0,3986135
0,25764215
0,30231136
-0,31072098
0,2228055
-0,44858682
-0,31144938
0,13266367
-0,23707044
-0,400702
-0,03663808
0,461545
-0,2962416
0,25817424
0,014744818
-0,2512313
-0,42241764
-0,079787225
0,265289
-0,28187934
-0,21604437
-0,4330942
-0,21546552
0,4991675
-0,16075656
-0,2945544
0,047958136
-0,49517155
-0,0018142462
0,48508108
0,14248854
-0,34104332
0,082363844
-0,3109399
0,46374184
-0,32780096
0,011593163
0,2880761
0,15771985
-0,15662569
0,15892404
-0,44452032
-0,46363604
-0,15329722
0,068448365
0,3962953
0,042920172
0,19469142
-0,0700708
0,31693375
-0,43634808
0,25699967
-0,1497587
-0,15064925
0,37129557
-0,21303287
0,36315072
-0,10391268
-0,15345278
0,35312486
-0,45745495
0,028401434
0,40819442
0,17422795
0,05774921
-0,3275557
0,0018251538
0,4978032
-0,26682517
-0,31086373
0,19596171
0,33777177
-0,44394976
0,39993626
0,4866078
0,30435526
-0,39036
0,26989764
0,09430534
0,40373152
-0,21426865
-0,4595954
-0,27946842
0,30822968
0,22129202
0,22722334
-0,36119163
-0,13430515
0,28595185
-0,20932278
-0,45375988
-0,20713171
-0,29052317
-0,37260336
0,34832937
-0,20038387
0,010824621
0,28675878
0,1764046
-0,11177918
0,31414425
-0,15533003
-0,18237156
0,3154446
0,38433635
-0,12511617
-0,10244691
-0,42750347
-0,4932036
0,11506826
0,004892826
0,39385837
0,25254142
0,038643897
-0,25610211
-0,004335344
0,12759703
0,06646317
-0,029121548
-0,3319662
-0,09304017
0,4939388
0,14994496
0,17754441
-0,35991338
-0,31833932
0,13355541
0,09984839
-0,19305536
0,06529486
0,0019856691
-0,3808156
0,4514988
0,019647956
-0,47452006
-0,22271845
-0,3223993
0,21882236
-0,31643093
-0,40763146
-0,44163853
-0,022779673
-0,3028282
0,04253733
-0,17924416
-0,22036749
0,184861
-0,023007452
-0,48751402
0,47255534
0,29970044
-0,49507073
-0,32870835
0,108661175
-0,30479133
-0,087531805
0,16072261
-0,46445334
-0,2923038
-0,018134981
0,19136328
0,1387502
0,045695722
0,41310978
-0,31414092
0,2959296
-0,021923542
-0,31177884
-0,2533747
-0,19525969
0,014851689
-0,21958718
-0,38508585
0,34406364
0,2634946
0,48104268
-0,40301868
-0,4304344
-0,39608377
-0,10649219
-0,12519443
-0,3830301
-0,3961686
0,015144587
0,46148515
0,4804287
0,06147343
0,4940408
-0,102143854
-0,2849385
0,39922357
0,3657822
-0,34099716
0,33735186
0,37785143
0,43581736
0,2671026
-0,043643534
0,46919143
0,2626924
-0,27743393
-0,16310745
0,30412835
-0,19629335
-0,16750354
0,27085954
0,014207065
-0,2076461
-0,46321678
0,2518537
-0,14842612
-0,27387327
-0,37835878
0,318115
0,007139206
0,080598235
0,39878803
0,39591253
0,10554075
-0,27476382
0,12157887
0,11788654
0,13698572
0,48025924
-0,08884004
0,14070284
-0,4040989
-0,08478993
0,04243189
0,42899144
0,02521199
0,14483511
-0,021511763
-0,43863028
-0,27418575
-0,10300478
-0,09072384
0,24388272
0,017113328
0,22412217
0,3736629
-0,45795852
-0,23917073
0,0008845329
0,36588275
-0,17214447
-0,103346854
0,024571955
-0,43937355
0,38109225
0,124111116
0,39473253
-0,1345708
0,23533064
0,18331528
-0,30339575
0,49897885
-0,32737294
-0,0015703738
-0,17895323
-0,027831227
0,030103922
-0,3153717
0,043672085
0,3758294
0,15437692
-0,35196126
-0,33477747
0,35615367
-0,15474671
-0,053719223
0,36173326
-0,017493665
0,27566272
0,39428174
-0,13970247
-0,15420163
-0,21274373
0,36437398
-0,22270653
-0,058443427
0,016976833
0,2586472
0,45787752
-0,15562412
-0,041846156
-0,44906074
0,04461819
0,028856397
0,14891565
-0,2132915
-0,34366435
0,38844204
-0,29995483
0,39825928
-0,37267518
-0,2322838
-0,4593456
-0,09914619
-0,05047366
-0,18950629
0,4845702
-0,48096457
-0,23414522
-0,4478917
-0,16762447
-0,27613366
0,19458473
0,23642504
0,4751209
-0,17761046
0,21347421
-0,28437433
0,07455593
-0,47084856
-0,10274616
0,26585066
0,071965516
0,49529546
0,20142555
0,44552463
0,17999089
0,21740264
0,02941072
-0,47310272
-0,042324126
-0,28369975
0,490045
-0,078924865
-0,2808563
-0,3617867
0,10948235
-0,21502966
-0,27606577
0,37168968
0,041000128
0,12970752
-0,08744457
0,38064426
-0,30435318
0,1447044
-0,4870538
0,048033
-0,18609175
-0,49717972
-0,37173444
-0,37973732
-0,23947838
-0,44594544
-0,018182725
-0,23794934
-0,16834602
-0,47099033
0,4224875
-0,25691515
0,48370314
0,43735558
0,27693903
0,43044788
0,46362776
-0,47025257
0,2420814
-0,45430136
-0,21310887
-0,107429385
-0,24447092
0,14088225
0,4412583
-0,35103023
-0,0038341284
0,43883294
-0,23457238
-0,04901406
0,11630142
0,09196067
-0,29228893
0,21350932
0,49374616
0,058682263
-0,3484407
-0,16469577
0,48244423
-0,30719972
0,31688583
0,07813841
-0,154111
-0,15393588
-0,116848886
0,48709404
-0,05143398
0,053778052
0,18397957
-0,109699935
0,21189928
-0,12614542
0,38755584
-0,028970748
-0,117923945
0,23119843
-0,45197487
0,06792319
-0,30973077
0,1285491
0,024568677
0,108383834
-0,020949781
0,088525176
-0,22115517
0,308397
-0,22291523
0,09107274
0,077031195
-0,36191362
-0,11011955
0,47186446
-0,3274383
-0,45349032
-0,314149
0,23244637
0,46492732
-0,34931174
-0,17636055
0,18189943
0,16641039
0,20955157
-0,1032933
-0,059687823
0,42928058
-0,36445832
-0,24557057
-0,25796115
0,2626418
0,40811485
0,18416667
0,40300214
0,017635226
0,4101513
0,44671017
0,016781986
-0,040526986
-0,2193264
-0,4371257
-0,42844394
-0,36091563
0,08192992
-0,20990351
-0,05012718
-0,0015497804
0,30634785
-0,07028806
0,3929019
0,14730442
-0,48998702
-0,17054892
0,3699274
0,13848984
-0,342696
-0,41975057
0,34454703
-0,122060865
0,41115767
-0,046742022
-0,19040394
0,07612264
-0,43881568
-0,3674998
-0,41982275
-0,41130355
0,3500858
-0,44736868
-0,286827
0,36994243
-0,029063433
-0,42804372
0,38838488
-0,3864423
-0,42744365
0,28977275
-0,3604884
-0,13263917
0,3941391
-0,32098323
-0,45663688
-0,27303666
-0,42194578
0,30302298
0,48216838
-0,023399234
-0,37897184
0,36428642
0,09246385
0,21225917
-0,15096763
-0,2931233
0,45408356
0,017582
0,43822366
0,24979609
-0,28845268
0,3285498
0,17890787
-0,33296016
-0,46567175
-0,0037546158
-0,027068764
-0,39721105
0,38456357
0,49269813
0,2506135
0,45083088
0,14058053
0,021764517
0,16070986
0,1107133
-0,43051857
-0,12371433
0,15072632
0,3405407
-0,039761215
0,02532506
-0,039642215
0,36883998
0,038038075
0,3560859
-0,27132788
0,2251662
-0,36299217
0,04143852
0,0926525
0,47850192
-0,26886395
-0,38720727
0,49188417
-0,02270019
0,1913665
0,01816392
0,07422674
-0,052666277
0,3983007
0,09865826
0,16716033
0,32710952
0,18535078
-0,12540016
-0,2768614
0,3710057
0,3775301
0,3220206
0,35146278
0,1809197
-0,40607524
0,15815091
0,05965835
0,4425621
0,4365213
0,16270661
-0,47858304
0,3598926
-0,21046379
0,3905077
0,4615239
-0,12240845
-0,10920334
-0,085802466
-0,16475171
0,030404985
0,23031574
0,3919047
0,17586958
0,2423656
-0,471768
-0,42147076
-0,25752681
-0,21024308
0,24914348
0,24086809
0,11270118
0,45219433
-0,36570078
-0,20326802
-0,34492087
0,04666555
-0,33505705
0,426044
-0,13449451
-0,25899225
0,20911229
-0,48281074
0,22917533
0,1512003
-0,4130979
-0,39689487
-0,2135081
0,2219941
-0,3412704
0,1038484
0,33166242
0,35728073
0,4715737
-0,32485005
-0,24296132
-0,041276425
0,48999643
0,073141456
0,38751477
0,10503507
-0,23123509
-0,3601939
-0,053809702
0,008331478
0,4497915
-0,3065037
-0,36808443
0,13493508
0,25455666
-0,2658772
0,24853748
-0,40220463
0,26378936
0,4149428
-0,2123045
0,103470206
-0,10134226
-0,4190508
-0,46780118
0,3953808
0,1146996
0,2629648
0,20675284
0,22923785
-0,3413099
-0,4902009
-0,3342395
0,4531051
-0,25038576
-0,094068706
0,07286173
-0,47418115
0,11668527
0,42619544
0,40465057
-0,49215192
-0,4085931
-0,17862442
0,4846214
0,020235956
0,114151776
-0,0852631
-0,00018122792
0,41820616
-0,22408593
-0,39116344
-0,17521423
-0,0963074
-0,4586619
0,48538172
-0,22299135
0,02440834
0,4746176
0,23967189
-0,46537182
-0,48916322
-0,027600497
0,32579786
0,31594634
-0,30155814
0,42305225
0,20747697
-0,43661028
-0,49984077
-0,1311889
0,028026462
-0,18024269
0,29015654
-0,44038022
0,07111502
-0,2835482
0,39889872
0,18761015
0,42741376
0,034549654
-0,4568109
0,3784681
0,33135748
0,19621152
0,3677035
-0,051469147
-0,3034484
0,33887112
-0,16909447
-0,49941587
0,4023682
-0,43934932
0,48693836
-0,13655293
0,13761598
0,33613592
0,33521867
0,3410821
0,10568172
-0,018934578
0,14295775
-0,41203892
0,24208546
0,49020445
0,24820572
-0,3277905
0,43997878
0,42015946
0,17302036
-0,2376112
-0,22164574
0,29082894
-0,13540268
-0,0677104
0,12391859
-0,27235246
-0,2437374
-0,2967556
0,30937797
-0,06704837
0,2607746
0,06400913
0,31773144
0,40903825
0,31361794
0,28221858
-0,49651808
-0,1713137
-0,07706556
0,13201982
-0,024080783
-0,34355316
-0,21100387
-0,13366985
-0,26353246
0,13292897
-0,38263386
-0,4416046
0,32046843
0,122077405
-0,3298338
-0,3639753
0,4631068
0,030132532
-0,40048826
0,0014978647
0,49450803
-0,13729551
-0,36260095
0,10664362
0,18833494
0,07138783
-0,028942645
0,18223459
-0,12856084
-0,096870184
0,116036
0,2753567
0,03169036
-0,39266315
0,04587102
0,09542972
0,13039649
0,02621007
0,15961498
0,27831018
0,4139818
0,23745972
-0,13574958
-0,34768027
-0,1523388
0,2617888
0,38057142
-0,27849746
-0,06335622
-0,35556343
0,29154223
0,011345565
0,25911593
-0,08243674
-0,045268834
-0,15414631
0,37681335
0,07583696
-0,25418574
-0,25588667
0,16788214
-0,37725776
0,34912735
-0,21398357
-0,017327398
0,2969435
-0,04985091
0,090026796
-0,10710427
0,4894448
0,44154996
-0,20413312
-0,18318033
-0,34699923
0,1812458
0,14012271
0,06409222
-0,28757483
-0,35049886
-0,03619337
-0,093550086
0,17075819
0,23573148
-0,19777328
-0,06861311
-0,100233525
-0,1240111
-0,3848776
-0,23846981
-0,13354763
-0,42028126
-0,2551536
-0,35629395
-0,05648017
-0,22896808
-0,25881544
0,25345218
0,28443074
-0,051175922
0,2735806
0,14512038
-0,11357936
0,123821974
-0,341451
-0,46685627
-0,44973654
-0,18041459
0,17445034
0,058327973
0,27278447
-0,3519029
0,36722952
0,4104147
-0,121884435
-0,47301227
0,36934966
0,31576675
0,3072495
-0,02138859
-0,45776975
-0,375095
-0,027481675
-0,19913873
-0,3150226
-0,11802262
0,47467148
0,02304542
0,11762917
-0,24136531
-0,17702127
0,351156
0,4527865
-0,35144144
-0,1119439
-0,041321248
0,067548096
-0,437838
0,25453413
0,2474649
0,15401971
0,19742459
0,20678973
-0,07504198
-0,24887922
0,45722324
-0,1407618
0,33912158
-0,36172423
-0,0575718
0,06697136
0,23617756
-0,4680906
-0,21412224
-0,4266949
0,46772146
0,06090033
-0,3407893
0,4123544
0,44730073
0,17152041
0,0650903
0,08092606
-0,4153302
0,030500233
-0,35550466
-0,23932445
0,121736825
0,2769724
0,38760597
-0,15923432
0,27179855
-0,24308011
-0,25660878
0,36498243
-0,13615486
-0,042800695
0,42100263
0,4677052
0,24286926
0,4611609
0,49951434
0,22319198
-0,24068344
0,4817233
0,49448776
0,11799276
-0,3790518
0,25722182
0,0057842135
0,2971282
-0,02855733
-0,22198206
0,3097456
-0,36506099
0,36269468
-0,34060907
-0,1183418
-0,21231589
-0,49631634
0,36991167
0,35128605
0,114020824
-0,49637765
0,20802116
-0,052449435
-0,17718124
0,06846845
0,29608792
0,19715363
0,4366064
-0,2526692
-0,01380685
-0,4973009
0,03270185
0,023735523
-0,13695884
-0,2171064
0,32901216
-0,1345135
0,15534961
-0,26530802
0,07159901
0,038779497
-0,10635954
-0,3374601
-0,17229974
-0,08126333
-0,4410303
-0,20716321
-0,36981452
0,14571315
-0,3319029
0,4976442
-0,35328308
-0,3759451
-0,37506515
0,26954162
-0,3881143
-0,38761187
-0,077012986
-0,122828424
0,0062077045
-0,41251585
-0,19894841
0,47555596
-0,4362815
0,49300557
0,27075654
-0,3041843
0,46273518
0,32733738
-0,3605293
0,24563843
-0,19168788
0,20082247
-0,3936865
0,34975618
-0,45446464
0,19923973
-0,21126345
-0,04322967
-0,33917132
-0,2771107
0,28436422
0,247338
-0,44685614
-0,4364167
0,27242142
-0,06673631
0,17092752
0,18313253
0,12998676
0,44646603
0,099452734
-0,48463562
-0,09917575
-0,44283035
0,101626754
-0,47854406
-0,38413393
0,43764937
-0,4591936
0,48711878
0,24169815
-0,15637085
-0,19547653
-0,12766215
-0,43552902
0,38229805
-0,2723381
-0,32449824
-0,43607628
-0,26261172
-0,30184096
-0,45555896
0,38159817
-0,46487716
-0,16163364
-0,08584258
0,22272897
0,053198278
0,0016000867
-0,045933366
0,07581216
-0,19680044
-0,24565879
0,46738082
0,051310122
-0,37746376
0,13975292
-0,44152126
-0,24218854
0,44687796
-0,37231123
0,06721473
0,09899509
0,13480687
-0,021114588
0,1265055
0,110705495
-0,22957739
