125
125
-1,43E-43
1,43E-43
0
0
0
0
0
-1,43E-43
0,01808852
0
0
0
0
-1,43E-43
0
0
-0,38935637
1,43E-43
0,39256412
0,33963472
0
0
0
0
0
0
0
-1,43E-43
0
0
0
0
0
0
0
0
0
0
0
0
0
0
0
0
0
0,14981747
0
-0,17885303
0
0
-0,0459933
1,43E-43
0,3179834
0
0
0
0
0,49363184
0
0
0,23504788
0,07931751
0
-1,43E-43
0
-0,12930134
0
0
0
-1,43E-43
-0,13017267
0
0
0
0,06626314
0
-1,43E-43
0
1,43E-43
0
0
0
0
-0,37603027
0,10563433
0
0
0
0
-1,43E-43
0
0
0,270257
0
0
0
0
0
0
-0,3167698
0
0
0,14613241
0
-0,2064743
0
0
-1,43E-43
0
0
0,2979002
0
0
-1,43E-43
0
0
0
0
0
0
0
-1,43E-43
0
0,22959757
0
7,1E-44
-1,43E-43
7,1E-44
7,1E-44
0
0
-0,034359485
0,33274472
0
0,4318301
0
0
0
7,1E-44
0
0
0
-1,43E-43
-0,4448454
-1,43E-43
0
-7,1E-44
-7,1E-44
7,1E-44
0
0
0
1,43E-43
0
0,48594993
7,1E-44
0
0
-0,21343505
0
0
-7,1E-44
0
-7,1E-44
-0,2889017
0
0
0
0,07908112
0
-0,19524908
0
0
0
0
-0,36483258
-7,1E-44
1,43E-43
0
0
0
0
-7,1E-44
0
0
0,26035297
-0,3271183
0
0,028966844
-7,1E-44
1,43E-43
0
-7,1E-44
0
-0,24132177
0
0
0,23324406
0
7,1E-44
0
0
-7,1E-44
-7,1E-44
0
0
0,23113483
7,1E-44
-0,099372506
0
0
7,1E-44
-0,39552155
-0,026941866
7,1E-44
0,21992546
0
0
0
0
0
0,25041634
0
7,1E-44
0
0
0
7,1E-44
0
-7,1E-44
0,39855397
-0,013581783
7,1E-44
0
0
-1,43E-43
7,1E-44
0,20280915
1,43E-43
0
0
0
-0,43981087
0
0
0
1,43E-43
7,1E-44
0
0
-1,43E-43
1,43E-43
1,43E-43
0
-7,1E-44
0
0
-7,1E-44
0
-0,28858894
0,4616021
0
0,22135037
-1,43E-43
0
0
0,23829949
1,43E-43
7,1E-44
1,43E-43
7,1E-44
-0,38947767
0
0
7,1E-44
7,1E-44
-1,43E-43
0
0
-0,11523941
-0,12577614
0,45772725
7,1E-44
0
-2,14E-43
-7,1E-44
0
-0,1588116
0
-7,1E-44
0
0
0
7,1E-44
-7,1E-44
0,30071306
-7,1E-44
0
-0,28164113
7,1E-44
0
1,43E-43
-7,1E-44
-0,4567735
0
0
1,43E-43
1,43E-43
7,1E-44
0
-7,1E-44
7,1E-44
7,1E-44
-0,15877035
7,1E-44
-7,1E-44
0
0,052166343
0
0
0
0,2127868
-0,45764223
-7,1E-44
0,38392133
-2,86E-43
-1,43E-43
0
-2,14E-43
0
0
0
1,43E-43
-7,1E-44
0,055075824
-0,22226453
7,1E-44
-0,4707591
0
0,09286213
0
-7,1E-44
7,1E-44
-7,1E-44
7,1E-44
0
0
0
-7,1E-44
7,1E-44
-0,38181347
0
7,1E-44
0,3068012
-7,1E-44
-0,09825766
-0,014840275
0,1475169
7,1E-44
0
0,2224586
1,43E-43
0
0,09844208
-2,86E-43
0
0,29939967
-7,1E-44
0
7,1E-44
-7,1E-44
0
1,43E-43
0
-7,1E-44
0
0
0
0
0
0,47657233
-0,017993122
0
0
0
0,17610121
0,08988714
0
0
0
0
0
0
0
0
-0,048676163
-0,22996998
0
0
-0,3657846
0
0
0
-0,43008322
0
0
0
-0,38503325
0
0
0
0
0
-0,31430912
0
0
0
0,23554122
0
0
0
0
0,044344306
0
0
0
0
0
0
0
0
0
0
0
-0,2373111
-0,1355071
0
0
0
0
0
-0,4911177
0
0
0
0
0
0,33257407
0
0
0
0
0
0
-0,07391122
0,109298766
0
0,42292553
0
0
0
0,14213222
-0,0015220046
-0,333319
0
0
0
0
0
0
-0,16746476
0
0
0
0
0
0
0
0
0
0
0,06729472
0
0
-0,356816
0
0
0
0
0
0
-0,4063294
-0,27391863
-0,06388223
0
0
0
0
0
0,4410497
-7,1E-44
0
0
0
0,26750392
0,109321415
0
0
0
0
0
0
0
0,4330216
0
0
0,43781918
0
0
0
0
-7,1E-44
-0,33974808
0
0
0
0
0
0
0,16864306
-0,262796
0
0,064344585
0
-0,046659082
0
0
0
-7,1E-44
0
0
0
0
0
0
0
-0,04271224
0
0
0,28623134
0
0,31065017
0
0
0
0
0
7,1E-44
0
0
0
0
0
0
-7,1E-44
-0,20370865
0
-7,1E-44
0
0
0,17305434
0
7,1E-44
0
7,1E-44
0
-7,1E-44
-0,42628008
0,2079835
0
0
0
0
0
0
0
0
0
0
-7,1E-44
0
0
-0,3161544
0
0
0
0
0
0,18376762
0,31347775
0
0
0
0
0
0
0
-7,1E-44
-0,0849185
0
-0,23410031
-0,40913093
-0,15074548
0
0
0
0,4992997
-0,033423126
0
0
0
0
0
0
0
0
0
0,4497981
0
-0,15045944
-0,12534678
0,10120314
0
0
-0,46547043
0
0
-0,4993498
0
0
0
0
0
0
0,3150518
0
0
0
0
0
0
0
0
0
-0,29553097
0,26475626
-0,4863255
0
0
0
0
0
0
0
0
-0,43639314
0
0
0
0
0
0
0
0
0
0
-7,1E-44
0
-0,42593718
0
0
0
0
0
0
0
0
0
0,36482406
0
0
0
0
0
0
0
0
0
0
0
0
-7,1E-44
0
0
0
0
0
0,43244463
0
0
0
0
0,1320054
0
0
0
0,29960656
0,33568352
0
0
0
0
0
0
0
0
0,229698
-0,3285997
0
0
0
0
0
0
0
0
0
0
0
0
0
0
0,40730637
0
0
0
0
-0,28570977
0
0
-7,1E-44
0
0
0
0,1299662
0
0
0,36090362
0
-7,1E-44
0
0
0
0
0
0
0
0
0,08362442
0,40629023
0
0
0
0
0
0
-0,068772316
0,4868458
0
0
0
0,34710532
0
0
0
-0,31502345
0
0
0,40932292
0
0
0
0
0
0
0
0
0
0
0
0
0,033249974
0,1390897
0
0
-0,09747818
0
0
0
0
0
-0,44924337
0
0
0
-0,1733152
0
0
0
-0,3583327
0,055517912
0
0
7,1E-44
0
0
-1,43E-43
0
0
0,071406424
0
0
0
0
0
0
0,26760578
0
7,1E-44
-7,1E-44
0
0
0
-7,1E-44
0
0,18557686
0
0
-0,32879362
0
0
0
0
-0,09060472
-0,43820813
0
0
0
0
0
0
7,1E-44
-0,37950447
-7,1E-44
0,022520125
0
0
0
0,05189389
0
0,04491234
0
0
0
0
-0,2479524
-7,1E-44
0
-7,1E-44
0,14334035
0
0
0
7,1E-44
0
0
0
0
7,1E-44
0
0
0
0
-0,487862
-7,1E-44
0
7,1E-44
0
0
-0,18252456
-0,053751677
0
0
0,1374141
0
0
0,37273186
0
0
0
0
0
-0,4796519
0,46208578
0
0
0
0
-0,20882753
0
0
0,49538243
0
0
0
0
-1,43E-43
0
0
-7,1E-44
0
0
-0,33143103
-7,1E-44
0
0
0
-0,19707507
1,43E-43
0
-7,1E-44
0
0
0
0
-0,011407077
0
0
-0,43771046
0
0
7,1E-44
7,1E-44
0,36252213
-0,09934738
0
0
-7,1E-44
-0,28153175
0,25188607
0
0
0
0
-0,2223261
0
0
0
0
0
-0,3425168
0
0
0
-0,37469846
0
-7,1E-44
0
0
7,1E-44
-7,1E-44
0
2,14E-43
0,46242678
0
-0,31147605
-1,43E-43
0
7,1E-44
0
0
-7,1E-44
0
0
0
0
0
0
0
0,092749834
0
0,4692577
0
0
0
0
0
0
0
0
0
0
0
-0,26408195
0
0
0,3558541
0
0
0
0
0
0
0
0,33044004
0
0
0
0,4489926
0
0,3366211
0
0
0
0
0
-0,13869038
0
0
0
0
0,22193593
0
0
0
-0,14547923
0
0
0
0
0
0
0
0
0
0
0
0
0
0,155922
0
0
0
0
0
0
0
0
0
-0,40965956
0
0
0
0
0
0
0
0
0
0
0
0
0
0
0
0
0
-0,4741419
0
0
0
0
0,05782062
0
0
0
0
0
0
-0,24037594
0
0
0
0
0
0
0
0
0,45071083
-0,3577215
0
0
0
0
0
0
0
0
0
-0,10332933
0
0
0,17560548
0
0,027690709
0
0
0
-0,04714942
0
-0,48686397
0
0
0
0
0
0,28042728
0
0
-0,23149315
0
0
0
0
0
-0,020322382
0,30065215
0
0
0
0
0
0
0,40417266
0
0
0
0,10184556
0
0
0
0
-0,3915769
0
0
0,09338808
0
0
0
-0,3826962
0
0
0
0
0
0
0
0
0
0
0
0
0
-0,15666908
0
0
0
0
0
0
0
0
-0,25686383
0
-0,2102806
0
0
0
0
0
-0,24997991
0
0
0
0
0
0
0
0
0
0
0
0
0
0
0
-0,2742195
0
0
0
0
-0,023548722
0
0
0
0
0
0
0
0
0
0
-0,051483035
0
0
0
0
-0,293571
0
0
0
0
0
0
0
0,33979672
0
0
0
0
-2,86E-43
2,14E-43
-0,35104778
-0,2524196
0,24301672
0
0
-7,1E-44
-2,14E-43
-2,14E-43
-0,08993003
0
0
-0,23637384
-7,1E-44
0
7,1E-44
7,1E-44
0
2,14E-43
0
-4,29E-43
0
7,1E-44
0
7,1E-44
0
0
-0,45552146
0
0,42939472
0
0
0
0
1,43E-43
-7,1E-44
2,14E-43
0,28306943
7,1E-44
0
7,1E-44
0
7,1E-44
7,1E-44
1,43E-43
-7,1E-44
0
0
0
0,11578566
3,57E-43
-0,30915123
7,1E-44
7,1E-44
0
0
2,14E-43
-0,3027557
-7,1E-44
-1,43E-43
-0,059111178
7,1E-44
-2,14E-43
-2,14E-43
0,062187254
-0,2737487
-1,43E-43
-0,08372435
0
0
7,1E-44
2,86E-43
7,1E-44
7,1E-44
2,86E-43
-5,72E-43
-2,14E-43
3,57E-43
-7,1E-44
-7,1E-44
0
0,3747294
-4,29E-43
0
0
2,86E-43
-7,1E-44
0
-3,57E-43
-0,46580794
0
1,43E-43
-1,43E-43
0
0
0
0
1,43E-43
-1,43E-43
-1,43E-43
1,43E-43
2,14E-43
-2,14E-43
0,17012775
7,1E-44
7,1E-44
0,44354647
3,57E-43
-7,1E-44
1,43E-43
2,14E-43
-7,1E-44
-0,1504195
-0,14114732
0
2,14E-43
7,1E-44
0
0
-7,1E-44
-0,1330378
1,43E-43
0
-0,29493892
0
0
0
0
0
0,44450825
0
0
0
0
0
-0,45449322
0
-0,063917905
0
0
0,4038915
0
0,24166662
0
0
0
0
0,29551792
0
0
0
0
0
0
0
0,37440008
0
0
0
0
0
0
-0,26768094
0
0
0,05109471
0
0,03858751
0
0
0
0
0
0
-0,35357794
7,1E-44
0
0
0
0
0
0
0
0
0
0
0
-1,43E-43
0
0
0
0
0
0
0
-0,26224834
0
0
0,37455243
0
0
-7,1E-44
0
0
0
0
7,1E-44
0
0
-0,19148016
-0,45330855
0
-0,39275593
0
0
0
0
0,34563255
0
0
0
0
0
0
0
0,47299832
0
0
0
0
0
-7,1E-44
0
0
0
-0,44816604
0,1657365
0
0
0
-0,4139946
0
0,28243768
0,18076134
0
-0,16861638
0
0
0
-0,21884418
0
0
0
0
0
0
0
-0,3467261
0
0
0
-0,4861646
0
0
0
0
0
0
0
0
0
0
0
0
0
0
0
0
0
0,12949944
0
0
0
0
0
0
0
0
0
0
0
0
0
0
0
0
-0,30115336
0
0
0
0
0
0
0
0
0
0
0
0
0,10235286
0
0,35164648
-0,47993135
0
-0,084037036
0
0
0
0
-0,38414165
0
-0,4607453
0
0,25698268
0
0
0
0
0
0
-0,3063646
0
0
0
0
0
0
0
-0,31190285
0
0
-0,0944123
0
0
0
0
0,26942533
0
0
0
0
0
0
0
0
0,102733254
0
0
0
0
0
0
0
0
0,30371368
0,46760792
0
0,18519539
0
0
0,26655602
0,47514224
0
-0,38588637
7,1E-44
-7,1E-44
0
0
0
-0,2098349
0
0
7,1E-44
0
0
0
0
0,11864662
0
0
-0,34055936
0
0
-7,1E-44
0
7,1E-44
0
0
0
0,034270883
0
0
0
0
0
0,22802842
0
0
0
0
0,2999575
0
7,1E-44
0
0
0,28362972
0
0
0
-0,48725322
0
0
0,00093376637
0
0,3117069
-2,14E-43
0
0
-7,1E-44
0
0
-7,1E-44
0
0
0
0
0,4567032
7,1E-44
-0,14809087
0
0
7,1E-44
0,18614697
0
-0,118027836
-0,44717154
-7,1E-44
-0,040357977
-7,1E-44
0
2,14E-43
0
-1,43E-43
0,2843657
0
0
0
0
0
0
0
-0,24908856
0
7,1E-44
0
0
0
0
0
0
0
0
-7,1E-44
0
0,25220644
0,293934
0
0
7,1E-44
-0,03060335
0
1,43E-43
0
0
-7,1E-44
-7,1E-44
0
1,43E-43
0
0
-7,1E-44
0
0
0
-0,13056195
0
0
0,07652372
0
0,16521889
-7,1E-44
0
-0,16274911
0
0
0
0
-0,36419553
7,1E-44
0,32602823
0
0
0,18761212
0
0
0
0
0
0
0
0,4289263
0
0
-7,1E-44
0
0,20760041
7,1E-44
0,23145741
0
0
0,45720178
0
0
0
-0,30478978
7,1E-44
0
-0,21467093
0
0
-7,1E-44
0
0
0
0
0
-0,491572
0
0
0
-7,1E-44
7,1E-44
0
0
0
0
-0,49126384
-0,047026604
0
7,1E-44
0
0
-0,050056458
0
0
0
0
0
-0,32479206
0
0
0
-0,0005066991
0
0
7,1E-44
0
0
0
0
0
0,4270262
1,43E-43
0
0
-7,1E-44
0,17203593
0,22698122
7,1E-44
-0,06311047
0
0
7,1E-44
-0,24490297
0
0
0
0
0
0
0
0
0
0
0
0
7,1E-44
-7,1E-44
0
0
0
0
7,1E-44
0,27503037
0
0
0
0
0
0
7,1E-44
0
0
0
-0,415845
0
0
-7,1E-44
0
-0,054711223
0
0
-0,4225703
0
0
0
-0,057706147
1,43E-43
0
0
0
0
0
0
0
1,43E-43
0
0
0
0
0
-0,33364975
0,04389429
0
0
0
0
0,01602447
0
-7,1E-44
0
-7,1E-44
0
-0,3437523
0
0
0
0
0
0
0
0
0
0
0
0,49648815
0
-7,1E-44
0
0,20683181
0
-1,43E-43
-7,1E-44
0
0
0
0
0,2727813
-0,023218751
0
0
0
0
0
0
0
-1,43E-43
0
-0,26939175
-2,14E-43
2,14E-43
7,1E-44
-7,1E-44
7,1E-44
0
0
-7,1E-44
0
0
0
-7,1E-44
7,1E-44
0
1,43E-43
0
0
-7,1E-44
7,1E-44
0
0
0
-0,1586619
-7,1E-44
7,1E-44
7,1E-44
0
0
7,1E-44
-0,025190026
-7,1E-44
0,23946452
1,43E-43
-1,43E-43
0
-7,1E-44
-0,09264502
7,1E-44
-0,01980105
0
0
-7,1E-44
0
0,039644063
-7,1E-44
0
7,1E-44
-0,45716283
0
0
0,03532803
0
0
0
0
-0,33357874
-0,32315055
0
0
0
0
0
0
0
0,39538318
0
0,064941406
0
0
-0,013566464
0
0
0
0
0
0
0
0
0
0
-0,3122341
0
0
-0,15979806
0
0,32850146
0
0
0
0
0
0
0
0
0
-0,39719194
0
0,14061397
0
0,37108248
0
0
0
0,34711367
0
0
0
0
0
0
0
0
0,08989483
0
0
0
0,41440123
0
0
0
0
0
0
0
0,0481447
0,23352146
0
0,3110184
0
0
0
0
-0,03854838
0
0
0
-0,4719816
0
0
0
0
0
0
0
-0,30867317
0
0,27863634
0
0
-0,16719443
0
0
0
0
0
0
0
0
0
0
-0,47217107
0
0
0
0
0
0
0
0
0
0
0
0
0
-0,48625317
-0,3646841
2,86E-43
-0,41158357
0
-7,1E-44
0
0
-2,14E-43
0,24547267
-7,1E-44
7,1E-44
0
-7,1E-44
-2,86E-43
0
-0,36112556
-0,039431185
0,3318928
-0,36325258
2,14E-43
0
-1,43E-43
0
0
7,1E-44
7,1E-44
0
-0,30953482
0
0
0
0
0,04884863
0
-0,14907527
0
0
7,1E-44
-7,1E-44
0
0
7,1E-44
0
0,24654317
0
0
-7,1E-44
0
7,1E-44
0
0
2,86E-43
-2,14E-43
0
7,1E-44
0
0
0,43134797
0
0,41383988
-2,14E-43
0
1,43E-43
-2,86E-43
0
-1,43E-43
0
-7,1E-44
0
-1,43E-43
-0,084932745
0
0,24905807
0
-0,4563434
7,1E-44
-0,06893256
-0,48154157
-0,4246866
0
-7,1E-44
0
0
-1,43E-43
0
-7,1E-44
1,43E-43
0
-7,1E-44
-2,14E-43
0
0
0
-0,10382253
0
0,06772667
0,39672166
0
0
0
-7,1E-44
7,1E-44
7,1E-44
-7,1E-44
-7,1E-44
0
7,1E-44
-3,57E-43
1,43E-43
0
1,43E-43
2,14E-43
0
-2,14E-43
7,1E-44
0,06968641
7,1E-44
0,08051717
7,1E-44
0
-7,1E-44
0,115370035
0,2881943
-0,41022655
0
0
0
0
0
0,40434963
0
0
0
0
0
-0,31574267
0
0
-0,11514604
0
0,060766637
0
0
0
-7,1E-44
0
0
0
0
0
-0,08772841
0
0
0
0
-0,45190558
0
0
0
0
0
0,024222732
0
-0,32506287
0
0
-0,35181728
0
0
0
0
-0,4658203
0
0
0
0
0
0
0
0
0
0
0
0
0
0,28697896
0,030279279
0,22897995
0
0
0
0
0
0
0,13079405
0
0
0
0
0
0
0
0
0
-0,38513997
0,054086566
0
0,06394225
0
0
0
0
0
0
0,08185375
0
0
0
0
0
0
0
0
0
0
0
0
0
0
-0,34706584
0
0,15278482
7,1E-44
0
0
0
0
0
0,2520889
0
0
0
0
0
0
0
0
0
0,3033648
0
0
0
-0,14329574
0
0
0
0,42615175
0
-0,47533327
-7,1E-44
0,097889125
0,33756763
0
7,1E-44
0,17993283
-0,38566393
0
0,09247351
0
0
0,04310882
7,1E-44
0
0
0,4370917
0
0,4125415
0
0
0
0
0
-0,11209872
0
0
0
0
0
0,32375324
0
0
0
0
0
0
0
0
0,26921457
0
0
-0,30885252
0
0
0
0
0
0
-0,095276356
0
0
0
0
0
0
0
0
0
0
0
0,4662361
0
0
0
7,1E-44
0
0
7,1E-44
0
0
0
0
0
-0,36831623
0
0
-0,20025715
-7,1E-44
0
7,1E-44
0
0
0
0
-7,1E-44
0
0
0
0
0
0
0
0
0
0
0
0
0,4058991
0,04594463
-7,1E-44
0
-7,1E-44
0
0
7,1E-44
0
0
0,42272037
-0,3793177
0,08637017
0,05669999
0
0,29545474
0
0
0
0
0
0
-0,39887834
0
0
0
0
0
0
0
0
-0,31197032
0
0
0
0
0,37880707
0
0
0
0
0
0
0
0
0
0
-0,3907826
0,07077569
-0,031400084
0
0
0
0
0
0,26685864
0,1924746
0,4996785
-0,088358015
-0,21780899
0
0
0
0
-0,4076609
0
0
0
0
0
-7,1E-44
-0,1610839
0
0
-0,09112424
0
0
0
-0,23720053
0
0
0
0
0,21528327
0
0
-0,2441929
0,1108433
0,00016099215
0,1804226
0
0
0
0
0
0
7,1E-44
0
0
0
0
-7,1E-44
0
0
0,20792764
0
0
0
0
0
0
0
0,3706872
0
0
0
-0,01676786
0
0
-0,18041924
0
0
0
0,08419156
0,28550565
0
7,1E-44
0
0
0
-7,1E-44
0
0
0
0
0
0
0
0
-0,13943216
0
0
0
0
0
0,39338678
0
0
0
0
0
0
0
0
-0,096006185
0
0
0,10696262
0
0
0
0
0
-0,076256216
0
-7,1E-44
0
0,19831324
0
0
0
-7,1E-44
-0,31143704
0
0
0
-0,04916349
0
0
0
0,17753685
0,4345454
0
0
-0,17854002
0
0
0
0
0,42839462
0,48045868
0
0
0
-0,289083
0
0,44789666
0
0
0
0
-1,43E-43
0
0
-7,1E-44
0,479509
0
0
0
0
0
0
0
0
0
0,4826997
-7,1E-44
0
0
0
7,1E-44
0
0
0
0
0
0
0
0
0
0
0
0
7,1E-44
0
0
0
-0,041052938
0,31303793
0
0
0
-0,4928435
0
0
0
0
0
7,1E-44
0
0
-0,00028637052
-0,23026359
0
0
-0,34557104
0
0,35585964
0
0
-0,116335094
0
0
0
-0,13951507
-7,1E-44
0
0
0
-7,1E-44
0,32903636
7,1E-44
0
0,26007873
0
0
0,25431502
0,48840284
-7,1E-44
0
-0,39977938
0
0
0
0,48000216
0
7,1E-44
7,1E-44
7,1E-44
-0,35128635
0
0
0,40631574
0,24411434
0
-7,1E-44
0
0
0
0
0
0
0
0,30238348
0
-0,3799024
-0,26723543
0
0
0,4867705
0,41126162
0
0
0
0,47075123
0
0
0
0
0,17487913
0,034563124
0,39549184
0
0,4163738
0
7,1E-44
7,1E-44
0
0
0
0
0
0
0
0
0
0
0
0
0
0
0
0
0
0
0
0
0,42851394
0
0
0
-0,33891726
-0,4299577
-0,45029524
0,33917773
0
0
0
-1,43E-43
0
-7,1E-44
0
-0,08831218
-0,38646862
0
0
0
0,15444851
-0,290731
0
0
0
0
-7,1E-44
0
-0,31963593
-7,1E-44
0
0,14837974
0
7,1E-44
0,05232364
-7,1E-44
0
0
0
0
0
0
0
0
0
0
0
0
0
0
0
0
0
-0,09861854
0
0
0
0
0
0
0,19431514
0
0
0
0
0
0
0
0
0
0,047919095
0
0,2643162
0
0,295664
0
-0,48725727
0
0
0
0
0
0
0
0
0
0
0
0
0
0
0
0,11254418
0
0
0
0
0
7,1E-44
0
0
0
0,023872495
0
0
0,49617672
0
0
0
0
0
0
0
-0,16816267
0
0,22144812
0
-0,44788408
0
0
0
0
0
-7,1E-44
0
0
-0,09021652
0
0,41349727
0
0
0
0
0
0
0
0
0
0
0,21077198
0
-0,16219595
-0,06775874
0
0
0
0
0
-0,09242192
0
-0,019181758
0
0
0
0,12795228
0
0
0
-0,053343385
0
0
0
-0,01691541
0
0,2651338
0
0
0
0
0
0
0
0,22127491
0
0
-0,34565812
0
0
0
0
0
7,1E-44
0
0
0
0
0
0
0
0
0
0
0
0
-0,32150808
0,34355575
0
-0,016950369
0
0,27296382
0
0
0
0
0
0
0
0
0
-7,1E-44
0,38308847
0
0
0
0
0
0
0
0,40004158
-0,38462052
0
0
0
-7,1E-44
0
0,34137642
0
-0,26662987
0
0
0,43820357
-0,09140319
0
0,40222698
0
0
7,1E-44
0
0
0
0
0
0
0
0
0
0
0
-0,11565745
0
0,47784817
0
0
0
0
0
0
0
0,21737695
0
0
7,1E-44
0
0
0
0
0
0
0
0
0
0,3984629
0
0
0,3242634
-0,45965958
0
0
-7,1E-44
0
0
0
0
-7,1E-44
0
7,1E-44
0
0
-7,1E-44
0
0,10782719
0,38526613
0
0
0
0
0
-0,28418076
0
0
0
0
0
0,096509814
0
0
0
-0,35814008
0
0
7,1E-44
0
0
0
0
0
0,089123785
-0,4695598
0,32470655
0
0
0
-0,44587985
0
0,013692439
0
0
0
7,1E-44
0
0
0
-0,17374054
-0,46531397
0
-0,07833597
0
0
0
0
-0,30630296
0
-0,4499514
0
0
0
0
0
-7,1E-44
0
0
0,41801447
0
-0,1756995
0,4458177
0
0
0
0
0
0
0
0
0
0
0
0
0
0
-7,1E-44
-0,37274724
0
0
7,1E-44
0
0
0
0
0
0
0
-0,15800992
0
-7,1E-44
0
0
-0,11603895
0
0
0,31090558
0
0
0
0
0
0
0
0
0
0
0
0
0
0
0,23655379
-7,1E-44
0
-7,1E-44
-0,35528177
-0,104186594
7,1E-44
0,18665189
0
-7,1E-44
0
0,017309189
-7,1E-44
0
0
0
0
0
-7,1E-44
0
0
-0,32863712
0
0,14821166
0
0,36266893
0
0
0
0,077463865
0
0,35948348
0
0
-0,4124553
0
0
0
-0,490777
-7,1E-44
0
-0,41936338
0
0
0
0
-0,03817022
0,26662868
0
-7,1E-44
0
0
-0,17504698
-0,012014955
0
0,07151127
-0,19940728
0
0
0
0
0
7,1E-44
0
0
-0,074148685
0
0
0
7,1E-44
0
0
0
0
0
7,1E-44
0
0
0,43075466
0
0
0
-7,1E-44
7,1E-44
0,3038482
0
0
0
0
0,22841263
7,1E-44
0
0
1,43E-43
-7,1E-44
0
7,1E-44
-0,18086752
0
0
0
0
0
0
-0,1935511
0
0
-7,1E-44
0
0
7,1E-44
0,33560878
0
-0,32648832
0
0
-0,25101683
0
0
0
7,1E-44
0
-7,1E-44
0
0
0
7,1E-44
0
7,1E-44
7,1E-44
0
-1,43E-43
7,1E-44
0
7,1E-44
0,46414745
0
7,1E-44
0
0
0
0
0,008670449
0
0
0
0
0,35347682
0
0
0
0
0
0
0
0
0
0,34138763
0
0
0
0
0,08733648
0
0,45381838
0
-0,33290797
0
0
0
0
0
0
0
0
0
0
0
0
0
0
0
0
-0,32018983
0,15425658
0
0
0
0
0
0
0
0
0,09671068
0
0
0,24008578
0
0
0,05314392
0
-0,116286606
0
0
-0,14463863
0
0
-0,23914412
0
0
0
-0,21862188
-0,017384976
0
-0,19190687
0
0
0
0
-7,1E-44
0
0
-0,4889334
0
0
0
0
0
0
0
0
0
0
0
0
0
0
0
0
0
0
0
0
0
0
0,4406739
0
0
0,39428967
0
0
0
0
7,1E-44
0
0
-0,16054446
-0,22388762
0
0
0
0
0,04982817
0
0
0
0
0
0
-0,27786306
0
0
0
0
0
0
0,22530264
0
0
0
0
-7,1E-44
0
0
0
0
0
0
0
0
0
0
0
0
0
0
0
-0,3514158
0
0
0
0
2,86E-43
0
0
0,08989167
0
7,1E-44
0
0
0
-0,4124608
0
0
0
0
0
0
0
7,1E-44
0
0,3972125
0
0
0
-0,32994008
0
0
0
0
0
-0,36103803
-0,23171794
0
0
0
0
0
0
0
7,1E-44
0
0
3,57E-43
-7,1E-44
0
2,86E-43
0
0
0
0,18321699
0
0
0
7,1E-44
0
0
-1,43E-43
0,16863966
0
0
0
0
0
0
-0,1823687
7,1E-44
0
0
0
0
0
0,29063082
0
0,3809796
-7,1E-44
1,43E-43
0
0,48478794
7,1E-44
0
-1,43E-43
2,86E-43
0
7,1E-44
0
0
0
0
0,14894605
0
0
-0,4811479
0
0
0,21766639
0
-0,37514594
0
0
0,2615915
0
-0,48539782
0
0
0
0
0
0
0
0
0
0
0
0
-0,2420181
0
0
0
0
0
0
0
0
0
0,20488769
0,47940654
-0,021187544
0
0
0
0,36505234
0
0
0
0,4558627
0
0,0068969727
0
0
0
-0,12395567
0,17651111
0
0
0
0
0
0
0
0
0
0
0
0
0
0
0
-0,23768708
0,42213207
0
0
0
0,21759313
0
0
0
0
0
0
0,08881682
0
0
0
0
0
0
0
0
0
0
-0,39283195
0
0
0
0
0
0
0
-0,1104171
0
0
0,075242996
0
0
0
0
0
0
0,06182027
0
-0,3717238
0
0
-0,22435659
0
-0,33417135
0
0
0
0
-0,45588794
0
0
0
0
0
-0,030010164
-7,1E-44
-7,1E-44
7,1E-44
0,0529719
0
-7,1E-44
-0,026784122
0
0
-1,43E-43
7,1E-44
-0,025527656
0
-1,43E-43
-0,29926625
0
7,1E-44
7,1E-44
7,1E-44
7,1E-44
0
-7,1E-44
0
0
0
0
0
0
0
0
-0,0052869916
0,04137796
0
0
0
7,1E-44
0
7,1E-44
0
0
0
0
7,1E-44
0
0
0
7,1E-44
0
0,4851026
0
0
7,1E-44
0
7,1E-44
0,0053650737
0,3162558
0
7,1E-44
7,1E-44
0
0
0
0,46456903
-0,12571448
0
0
0
-7,1E-44
0
0
0
0
-0,38032284
0
0
0,21726882
-7,1E-44
0,3964014
-0,17056745
-7,1E-44
0
0
7,1E-44
0,03872764
0
0
0
-0,41547877
0
-1,43E-43
0
-7,1E-44
-0,37774795
-7,1E-44
0
0
0,45148188
0
0
-7,1E-44
-7,1E-44
-0,4324832
7,1E-44
0,29171467
0
0,15652692
0,08547294
0,015578926
0
0
-7,1E-44
0,040094733
-7,1E-44
0
0
0,12111312
0,34807903
0
0
0
0
-0,42989424
0
0,3563717
0
0
-0,03620112
0
0
0
0
0
0,05168867
0
0
0,057575226
0
0
0
0
0,33488125
0
0
0
0
0
-0,14308232
0
0
0
-0,47906947
0
0
0
0
0
0
0
0
0
0
0
0
0
0,44901925
-0,33283845
0,17332852
0
0
0
0
0
0
0
0
0
0
-0,09627649
0
-0,19250813
0
0
0
0
0
0
0
0
-0,43900853
0
0
-0,12092471
0
0,18535888
0
0,36987334
0
-0,19020003
0
0
0
0,024129808
0
0
0
0,29127264
0
-0,12614536
0
0
0
-0,044786513
0
0
0
0
0,2190721
0,29550207
0
0,2542802
-0,45480472
0
0
0
0
0
0,16012532
0
0
0
-0,09799358
0
0
0
0
0,3011738
0
0,28684366
0
0
-0,43398076
0
-0,43945315
0
0
0
0
0
0,32005435
0
0
0
0
0,024772346
0
0
0
0
-0,28396702
0
0,28953296
0
0
-0,43957025
0
0
0
0
0
-0,045162857
0
0,17048723
0
0
0,22462153
-0,13612846
0
-0,37559813
0
0,05154717
0
0
0
0,28607225
0
0
0
0
0
0
0
0
0
0
0
-0,16014999
0
0
0,104599416
0
-0,012141854
0
0
0
0
0
0
0
0,38009822
0
0
0
0
0,41874707
0,32055587
0
0
0
0
0
0
0
0
0
0,20473838
0
0
0
0,08868092
0
0
0
0
0
0,001151681
0
0
0,17691451
-0,47127208
0
0
0
0
0
0
0
-0,34902877
0
0
0
0
0
-0,055437505
0
-0,27408254
0
0
0
0
0
0
0
0
0
0
0,15050226
-0,29995856
0
0
-0,06061724
0
0
0
0
0
0
0
0
0
0
0
-0,24447897
0
0
0
0,23460066
0
0
0
0
0
0
0
0
0
0
0
-0,31165254
0
-0,08240059
0
0
0
0
0,10163802
0
0
0
0,4438889
0
0
0
0
0,016434371
0
0
-0,13144895
0,25568646
0
0
0
0
-0,16414532
0
0
0
0
0
0
0
0
0
0
0
0
0
-0,2382141
-0,3781185
0
0
0
0
0
0,46874332
0
0
0
0
0
0
0
0
0
0
-0,27277276
0,39491445
0
0
0
-0,40067074
0
0
-0,48514375
0
0
0
0
0
0
0
0
0
0
0,18957138
0
0
0
0
0,39018083
0
0
0
0
-0,36317092
-0,4355574
0
0
-0,25806755
0
0
0
0
0
0
0
0
0
0,36469233
0
0
-0,29268658
0
-0,33014017
0,16652739
0
0
0
0
0
0
-0,19982493
0
0
0
0
0
-0,16846058
0
0
0,46677142
0
0
0
0
0
0,4395569
0
0
0
0
0
0
0
-0,23042786
0
0,44381136
0
0
0
0
0
0
0
0
-0,16281152
0
0
0,0983091
0
0
-0,17830941
0
0
0
0
0
0
0
0,18930805
0
0,4150036
0
0
0
0,20441669
-0,02353406
-0,45327136
0
0
0,22567523
0
0
0
0
-0,49127495
0
0
0
0
0
0
0
2,14E-43
0,12813383
0
-0,3146631
0,37319428
-0,22306457
0,0007328987
-2,14E-43
0
0
0
0
0
0
0
0
0
0
-0,3185755
0
0
0
-0,10708913
0
0
0,35198647
1,43E-43
0
0
0
0
0
-0,49149463
0
0
-0,41820118
0,2863077
0
0
0
-0,04523477
-0,46559545
0
0
-0,3266948
-0,43773186
0
0
-0,21916753
-0,34297967
0,09708494
0
0
0
-0,04606083
0
0
-0,28194967
0
0
-0,18189672
0
0
0
0
0
0
0,48304677
0
0
0
0
0
0
0
0
-0,3560317
0
-0,109078884
0
0
0
0
0
0
0
0
0
0
0
0
0
0
0
0
-0,038042158
-0,038608283
0,3378088
0
0
0
0
0
-0,07718447
0
0
0
0
0
0
0
0
0
-0,15875608
0
0,48991472
-0,28291178
0
-0,31569436
0
0
0
0
0
0
0
0
0
0,18214387
0
0
0
0
0
0,48877645
0
0
0
0
0
0
-0,42742538
0
0
0
0
0
0
0
0
0
0
0,25441378
0
0
0,15710026
0
0
0
0
0,1437996
0
0
0
0
-0,030061334
-0,37393612
0
0
7,1E-44
0
0
0
0
0
0
0
-7,1E-44
0
0
0
0
0
0
-0,2904935
0,018702447
0
0
0
0
0
0
0
0
0
-0,3667037
0,37555486
-0,48311892
0
0
0
0
0
0
0
0
0
0
0,17791069
0
0
0
0
0
0
0
0
0
0
-0,08990133
0
0
0
0
0
7,1E-44
0
0
0
0
0
0
0
-0,42374927
0
-0,2682547
0
0
0
0
7,1E-44
0
0
0
-1,43E-43
0,24818438
7,1E-44
0
0
0
0
0,30543685
0
-0,00046482682
-0,29970717
0
0
-0,46480066
0,21679485
0,18812662
-0,17490304
0
0,037043273
-0,30204952
0
-0,389544
7,1E-44
0
0
0
0
0
0
0
0
-0,48499832
-7,1E-44
0
-0,1744169
0
0,33721668
0,26378047
0
0
0
0
0
0
-0,22179332
0
0
0
0
-1,43E-43
2,86E-43
0
-0,061125875
-7,1E-44
0
0
0
-1,43E-43
-1,43E-43
7,1E-44
0,3953091
-0,10727146
-1,43E-43
0
0
0
0
0
7,1E-44
0
-0,4173669
0
0
7,1E-44
0
0,37223977
-7,1E-44
0
0
1,43E-43
0
0
0,17028362
7,1E-44
0
-7,1E-44
7,1E-44
0
7,1E-44
0
7,1E-44
0
-0,19742069
0
0
0
0
0
0
0
0,4734704
-7,1E-44
0,31126165
1,43E-43
0
7,1E-44
7,1E-44
7,1E-44
0
-7,1E-44
0
0
0,27826118
0
7,1E-44
0
0
0
0
0
0
0
7,1E-44
0
0
-2,14E-43
-1,43E-43
7,1E-44
0
0
0
7,1E-44
-1,43E-43
0,37354892
0
1,43E-43
0
0
0,4507892
0
0
0,1326015
-0,28721154
0
0
0
0
0
0
-0,33308244
0
1,43E-43
-0,21655253
0,2556132
7,1E-44
0
-2,86E-43
7,1E-44
-0,0075561106
0
7,1E-44
0
-2,86E-43
7,1E-44
0
7,1E-44
0
0
0
0,25406832
-7,1E-44
7,1E-44
-0,38843793
-0,214941
0
0
-0,2854354
0
0
0
0,47301012
0
0
0
0
0
0
0
0
0
0
0
0
0
0
0,2272358
0,2958116
0
0
0
-0,11847526
0
0
0
0
0
0
0
0
0
0
0
0
0
0
-0,2373445
0
0
0
0
0
0,05712223
0
0
0
0
0
-0,34390888
-0,2259787
0
0
0
0
0
-0,26084912
0
-0,43601528
0
0
0
0
0
-0,17238092
0,27815926
0
-0,016226947
0
0
0,48420227
0
0,4013486
0
0
-0,27253005
0
0
0
0
0,05077982
0
0
-0,42616826
0
0
0
0
0
-0,4496445
0
0
0
0
0
0
0
0
0
0,36559117
0
0
0,45865715
0
-0,051983595
0
0
0
0
0
0
0
0
0
0
0
0
0
0
0
0
0
0
0
0
0
0
0
0
-0,08887738
0
0
0
0
-0,46601883
0
0
0
0
0
0,49983847
0
0
0
0
0
0
0
0
0
0
0
-0,003266722
0
0
0
0
0
0
0
0
0
-0,04288569
0
0
0,08540386
0,3414129
0
0
0
0
0
0
0
0
0
0
0,2666465
-0,13561046
0
0
0
-0,07085028
0
0
0
0
0
-0,2408768
0
0
0
0
0
0
-0,06918201
0
0
0,2841149
0
0
0
0,4212122
0
0
0
0
0,115721464
0
-0,16239053
0
0
0
0
0,1654554
0
0
0
-0,01693198
0,43514836
0
0
0,49735612
-0,31707862
0
0
0
0
0,3777039
0
0
-0,45556155
0
0
0
0,11724305
0
0
0
0
0
0
0
0,04262507
0
0
7,1E-44
1,43E-43
0
0
0
0
0
0
0
-0,4215331
0
0
-0,011272609
0
0
0
0
0
0
0
0
-0,44179636
0
0
0
0
0
0
0
0
-0,17530876
0
0,3539679
0
-0,3144081
0
0
0
0
0
0
0
0
0
0
0
-0,45801723
-0,3875571
0
-0,14790192
0
-7,1E-44
0
0
0,1258657
-0,47345838
0
0
0
0,39027107
0
0
0
-0,30342808
0
-7,1E-44
0,2510386
0
0
-0,3629257
0
0
0
-0,42883626
0
0
7,1E-44
0
0
-0,14600074
0
0
0
0
0
0,03706628
0
0
-7,1E-44
7,1E-44
0
0,22917646
0
7,1E-44
0
0
0
0
0
0,046890676
0
0
0
0
0
0
0
-1,43E-43
0
0
0
-7,1E-44
0
7,1E-44
0
0
0
0
0
0
0
0
0
0
0
0
0
0
-7,1E-44
0,45202577
0
0
0
0
-7,1E-44
0,08934754
0
0,111615956
7,1E-44
0
0
0
0,14856136
0
0
0
-0,3162986
0
0
0
0
-7,1E-44
0
0
-0,091196
7,1E-44
0
0
0
7,1E-44
0,17149132
-7,1E-44
0
0
0
0
0
0
7,1E-44
0
0
0
0,037819028
-0,052369088
0,064147055
-0,009593457
-7,1E-44
0
0,24864608
0
0
7,1E-44
-7,1E-44
0
0
0
0
0
-0,22576892
0,33964133
-7,1E-44
0
0
0,22562063
0
0
0
0
0
0
0
7,1E-44
-7,1E-44
-0,12169054
0
0
0
7,1E-44
7,1E-44
0
0
0,2771446
0
0
0
0,010817528
-0,44601262
0
-7,1E-44
0
0
0
0
0
0
0,36915094
0,37749732
-7,1E-44
0
7,1E-44
-7,1E-44
0
0
-1,43E-43
0
-7,1E-44
-1,43E-43
0
-7,1E-44
0
0,32741475
0
-0,17882654
0
0
0
0
0
0
0
0
1,43E-43
0
0
0
0
0,27763325
0
-7,1E-44
0
0
0
0
-7,1E-44
0
0
0
0
0
0,37028104
0
-7,1E-44
-0,10702172
0
0
0
0
0
-0,48597947
0
0,3384093
0
0
0,4467731
2,86E-43
0
0
0
0
0
0,2184487
0
0
0,3583985
0
0,3897376
0,07658225
0
0
0
0
2,86E-43
0
0
0
0
0
7,1E-44
0
0
0
0
0
-1,43E-43
-0,18555346
0
0
0,45588487
0
0,3395809
0
0
7,1E-44
0
0
2,86E-43
-7,1E-44
-0,3697601
3,57E-43
-0,020643115
0
-0,47275805
0
0
0
0
7,1E-44
0
0
0,22163779
0
0
-0,33501947
0
0
0
0
0,34694135
0
0
0
0
0
0
-7,1E-44
0
-0,38532546
-0,08153021
7,1E-44
0,4981436
7,1E-44
7,1E-44
0
-1,43E-43
2,86E-43
0,16899443
7,1E-44
0
0
7,1E-44
0
-0,13480926
0
0
0
0
-7,1E-44
0,34740758
0
0
-7,1E-44
-0,1243988
0
0
0
0
-0,49660516
0,065769434
0,32508272
0
0
0
0
0
0
0
0
0
0
0
0
0
-0,4654339
0
0
0
0
-0,35031235
0
0,13340873
0
0
0
-0,4813628
-7,1E-44
0
0
7,1E-44
0
0
0
7,1E-44
0
7,1E-44
0
0
-7,1E-44
0,10824233
0
0,0536803
0
0
-7,1E-44
-7,1E-44
0
0
0
-7,1E-44
0
0
0
0
0
0
0,16702378
0
0
0
0,28819567
0
-7,1E-44
1,43E-43
7,1E-44
0
0
0
0
0
7,1E-44
0
7,1E-44
0
0
0
0
0
0
0
0
0,49675483
0
0
0
0,12519377
0
0
-7,1E-44
0
0
7,1E-44
0
0
-0,436994
0
0
-7,1E-44
0
0
7,1E-44
0
0
0
-0,14996204
0
0
-0,20873076
7,1E-44
0
0
-0,19763774
0
-0,46556684
0
0,21853977
0
0,26074445
0
-0,3410714
0
-0,23633137
0
0
0
0
0,3171934
0
-0,3358063
0,43046898
0
-0,24378648
0
0
0
-0,44445747
0
0
0
0
0
0
-0,30091327
0,16080117
0
0
-0,19601598
0
0
0
0
0
0,06405127
0
0,4973626
0
0
-0,031223893
0
0
0
0
0
0
-0,25750285
0
0
0
-0,07552931
-0,26407948
0
0
0
0
0
0
0
0
0
0
0
0
0
0
0
0
-0,024657398
0
0
0
0
0
0
0
0
0
0
0
0
0
0
0
0
0
0
0
0
0
0
0
0
0
-0,21137506
0
-0,116948664
0
0
0
0
0
0
-0,4970438
0
-0,20550543
0
0
0
0
0
-0,11407438
0
0
0
0
0
0
0
0
0
0,44954425
0
0
0
-0,38849777
0
0
-0,08197379
0
0
0
0
0
0
0
0
0
0
0
0
0
0,3232094
0
0
0
0
0
0
0
0
0
-0,41391551
0
0
0,32744384
0
0
0
0
0,41965932
-0,3868672
0
0
0
0
0
0
0
0
0,34881574
0
0
0
0
0
0
-0,1696176
0
0
0
0
0
0
0
0
0
0
0
0
0
0
0
0
0
-0,3161168
0
0
-0,2994
0
0
0,14956468
0
0
0
0
0
-0,23699066
0
0
0
0,1069985
0,25467455
0
0,10135752
-0,09082848
0
-0,28086835
0
0
-0,3419161
0
0
0
0
0
0
0
0
-0,34300023
0
0
0
0
0,027587235
-0,21157476
0
0
0
0
0
0,30857414
0
0,08780223
0
0,026365817
0
0
0
0
0
0
0
0
-0,11618838
0,093118906
0
0
0
0
0
0
0
0
0
0
0,44369525
0
0
0
0
0
-0,18481585
0
-0,11788553
0
0
0
0
0
0
0
0
-0,44223005
0,20401168
0
0
0
0,44285524
0,30387616
0
0
0
0
-0,28015372
0
0
0,2210787
0
0,291215
0
0
-0,34768903
0
-0,34835374
0,21660358
0
0
0,2052356
0
0
0
0
0
-0,09247467
0
0
0
0,3552463
-0,33222106
-0,014712274
0
0,30846024
0
-0,26851547
0
-0,2635157
-0,41602233
0
0
0
-0,050756544
0,24024326
0
0
0
0,39147538
0
-0,41435552
0
0
0
0
0
0
-0,07040131
0
0
0
-0,1412057
0
0
0
0
0
0
0
0
0
0
0,4949867
0
0
0
0
0
0
0
0
0
-7,1E-44
-0,28910628
0
0
0
0
7,1E-44
0,092576385
0
-7,1E-44
0
0,3135394
7,1E-44
0
7,1E-44
-7,1E-44
0,36229986
0
-7,1E-44
0
7,1E-44
0
0
-0,1513901
0
-0,49044985
0,2071228
0
0
-7,1E-44
-7,1E-44
0,38230163
0
0
0
0
0,44277
7,1E-44
-7,1E-44
-0,09284377
0
0,24499798
0
0
0
-0,06507632
0
0
0
7,1E-44
-7,1E-44
0
0
0
0
-7,1E-44
0
-7,1E-44
0
0
0,39627177
-7,1E-44
0,43037343
0,44226795
0
0
0
-0,20146713
0
0
0
0,19688386
-7,1E-44
0
-7,1E-44
7,1E-44
0
0,33987212
0
0
0
7,1E-44
7,1E-44
7,1E-44
0,2363491
-7,1E-44
0
0
7,1E-44
0
0,22835553
0,3060904
0
0
7,1E-44
0
0,46374732
0,04949242
0,23024976
-0,2604621
-7,1E-44
0
0,088178694
-0,25593397
0
-0,43486264
-0,0864065
-7,1E-44
0
-7,1E-44
-7,1E-44
0
-7,1E-44
-7,1E-44
-0,2536707
-0,23815757
0,45116454
0,45382792
7,1E-44
7,1E-44
7,1E-44
0
0
0,21845907
0
0,42122686
0
0
0
0
0
0
-0,24885276
-0,42537522
0
0
0
0
0
0
0
0,2115063
0
0
0
-0,019832015
0
0
0
0
0
0
0
0
0
0
0
0
0
0
0
0,23459542
0
0
0
0
0
0
0
0
0
0
0
0
0
0
0,11955488
-0,089054674
0
0
0
0
0
0
-0,19215718
0
0
0
0,14423472
-0,019375741
0
0
0
0
0
0
0
0
0
0
0
0
0
0
0
0
0
0
-0,3279613
-0,14844722
0
-0,040807843
0
0
0
0
0,49325126
0
0
0
0
0
0
-0,24710086
0
0
0
-0,013467401
0,05661565
0
0,22740638
0
0
-0,4004718
-0,21568376
0
0
0
0
0
0
-0,01563248
0
0
0
0
-0,42189676
0
0
2,14E-43
-2,14E-43
-7,1E-44
0,024295747
0
-0,21943754
0
1,43E-43
-0,45154718
0
-0,3967895
0
0
2,14E-43
0
0
0
0,25961423
0
0
0
7,1E-44
0
-0,04886949
0
-7,1E-44
0,027186096
1,43E-43
0
0
-0,05189845
0
0
0
-2,86E-43
0
0,114738524
-7,1E-44
0
0
0
0
0
0
0
-7,1E-44
0,27369452
0
0
-0,40841642
-0,45867333
-1,43E-43
1,43E-43
0
0
0
0,13443524
-1,43E-43
-7,1E-44
0
0
0
0
2,14E-43
7,1E-44
0,0012910962
0
0
0,4655038
0
0
0
-0,36534095
0
0
0
0
7,1E-44
-0,09599307
0
0
0
0
1,43E-43
0
0
-7,1E-44
0
0
1,43E-43
0
0
0,3595925
0
0
0
-0,45849696
0
0
0
-0,094436854
-7,1E-44
-7,1E-44
0
-0,21216083
-7,1E-44
0
-0,31873506
-7,1E-44
0
-7,1E-44
-7,1E-44
0
0,3352672
-3,57E-43
0
0
0
-0,46422276
0
0
0
0
0,2916962
0
3,57E-43
-7,1E-44
-7,1E-44
0
-0,28588158
0
0
2,86E-43
7,1E-44
3,57E-43
-2,14E-43
0
2,14E-43
-0,27197254
0
0
-7,1E-44
-7,1E-44
0
-7,1E-44
-7,1E-44
-0,4535672
0
-0,25157994
0
0
0,29753852
7,1E-44
-7,1E-44
-0,12699872
-0,37291664
0,31804842
0,36973315
-0,059724122
0,3135398
0,3188005
2,86E-43
-7,1E-44
0,20380378
-7,1E-44
0
-2,86E-43
-7,1E-44
-2,14E-43
0
0
0
0
0
0
0
-0,31634548
7,1E-44
-7,1E-44
0
-7,1E-44
0
-1,43E-43
0,2958979
0
0
-0,33021843
0
0
2,86E-43
-7,1E-44
0
-0,32117367
0,27644318
0
0
0,26091415
-7,1E-44
-1,43E-43
0
-2,86E-43
3,57E-43
2,86E-43
-7,1E-44
7,1E-44
-1,43E-43
7,1E-44
-2,86E-43
7,1E-44
7,1E-44
2,14E-43
-7,1E-44
0
-2,86E-43
3,57E-43
0
0
0,02543205
1,43E-43
0
7,1E-44
-7,1E-44
0
-1,43E-43
0
0,2837237
-3,57E-43
-3,57E-43
0
2,86E-43
0
-0,06578484
3,57E-43
-2,86E-43
0
0
-1,43E-43
0
3,57E-43
0,050958097
-7,1E-44
-2,86E-43
0
7,1E-44
0
7,1E-44
2,86E-43
-7,1E-44
2,14E-43
0
-0,13297826
7,1E-44
0
0
0
-0,3871096
0
-0,07716313
0,14898711
0
0
0
0
0
0
-0,4999353
0
0,14310044
0
0
0
-1,43E-43
0
0
-0,3706513
0
0
-7,1E-44
0,36663836
0
0,10849142
0
0
0
0
0
0
0
0
0
0
0
0
0,21016514
0
-0,045807093
0
0
0
0
-0,2057473
7,1E-44
-0,4407764
0
0
-0,15979317
0
0
0
0
-7,1E-44
-0,3216663
0
0
0
0
0
0
0
0
0
0
0
0
-0,47851562
0
-1,43E-43
0
0
0
0
0
0
0
0
-0,23707977
0
0
0
-7,1E-44
0
0
0
0
0
0
-0,27688485
0
0
0
0,36360914
0
0
0
0
0
0
-0,40460154
1,43E-43
-0,18731835
0
0,11575681
0
-0,03313452
0
0
0
-0,22585833
0,32080543
0
0
-7,1E-44
0,009975016
0
0,29808873
-7,1E-44
7,1E-44
0
0
0
0
0
-0,16422409
0
7,1E-44
0
0
0
7,1E-44
0,18932879
0
0
0
0,47423792
0
0,22232324
0
0
0
0
0
0
-7,1E-44
0
0
0
0
0
0
0
0
0
-0,4570927
0
-0,122247994
0
0
0
0
-0,103081524
0
-0,23932096
0
0,12333113
-0,45244423
0
7,1E-44
0
0
0,43460977
0
0
-7,1E-44
0
0
-0,24568751
-0,02584821
0
-1,43E-43
0
-7,1E-44
0
0
0
0
0
0
0,45149833
-7,1E-44
0
-0,42971626
2,14E-43
0,46708524
7,1E-44
0
0
0
-0,03758347
0
-0,0406532
0
-7,1E-44
0
-7,1E-44
1,43E-43
-0,32745522
0
-0,24123368
7,1E-44
0,2502318
0
0
0
-7,1E-44
0
0,26976204
0
0
0
7,1E-44
0
0
-1,43E-43
-7,1E-44
0
0
-7,1E-44
0
-0,31467396
-0,008109689
0
0
-0,3979114
-0,01634255
0,30473512
0
0
0
0
0
7,1E-44
0
-7,1E-44
0
0
0
0
0
-7,1E-44
7,1E-44
0
-0,45745683
0
0
0
0
-7,1E-44
-7,1E-44
0
-0,4441147
0
0
0
-0,14010924
0
0
0
7,1E-44
0
0
0,35723907
-0,30814224
0
0
0
0
-0,2916839
-7,1E-44
0,33256793
0
0
0
-0,402724
-0,41653895
0
0
0
0
0
-0,18706587
0
-7,1E-44
0
0
7,1E-44
0
0
-7,1E-44
-0,45624268
-0,09222075
0
0
0
-7,1E-44
7,1E-44
-7,1E-44
0
0
0
0
0
0
-7,1E-44
-1,43E-43
0
0,15252733
7,1E-44
1,43E-43
7,1E-44
-0,13234493
7,1E-44
-0,18258575
-7,1E-44
7,1E-44
0
0
-7,1E-44
0
0,4883371
7,1E-44
0
0
0
7,1E-44
0
0
-7,1E-44
-0,20289984
0
0
-0,1353383
0
0
0
-0,20810217
0
-7,1E-44
7,1E-44
-7,1E-44
-0,014737576
-0,07741937
-1,43E-43
0
7,1E-44
-0,37353843
0
0
0
0,24096358
0
0
0
0,3379972
0
0
-0,13194928
0,027297914
0
0
0
0
0,3183807
0
0
0
-0,25064504
0
0
0
0
-0,10041666
0
0
0
0
0
0,47821385
-0,16664052
0
0
0
0
0
0,11179751
0
0
-0,18766302
0
0
0
0
0
0
0
0
0
0
0
0
0
0
0
0,098603845
0,386833
0
0
0
0
0
0
0
0,053718925
-0,35477746
0,4942584
0
0
0
-0,37498283
0
0
0
0
0
0
0
0
-0,28023204
0
0
-0,20316422
0
0
0
0
0
0
0
0
0
0
0,12789685
0
0
0
0
0
0
0
0
0
0
0
0
0,28811568
0
0
0
0
-0,3071074
-0,3829256
0
0
0
0
0
0
0
0
0
0
0
0
0
0
0
0
0
0
0
0
0
-0,073979884
-0,45276648
-0,37890407
0
-0,1779992
0
0
0
0
0
0
0
0
0
0
0
0
0,48873097
0
0
0
0
0
0
0
-0,041805804
0
0,28663284
0
0
0
0
0
0
0
0
0
0
0
0
0,113138676
0
0,16928518
-0,41631424
0
0
0
0
0
0
0
0
0
0
0
0
0
-0,49362835
0
0
0
0
0
0
0
0
-0,49925828
0
0
0
0
0
0
0
0
0,123402
0
0
0
-0,04016745
0
0
0
0
0
0
0
0,14523107
0
0
0
0,004937947
0
0
0
0
0
0
0,027424395
0,20649517
0
0
0
0
0
0
0
0
-0,046362847
0
0
0
0
0
0
0
0
-0,32275683
0
0
0
-0,4921414
0
-0,03624952
0,45269608
7,1E-44
0,20538902
0
0
-0,4504087
0
-0,46243754
-0,097631544
0
0
0
0
0
0
0
0
7,1E-44
0
0,12842357
0
-7,1E-44
-0,11717692
-0,28506923
0
0
0
-7,1E-44
0
0
0
0
0
0,39110595
0
0
0,075404644
0
0
0
0
0
0
0,4032429
0
-0,15285394
0
0
0
0
0,011373341
7,1E-44
-7,1E-44
0
0
-0,33074507
0
0
0
0
-7,1E-44
0
-0,2706762
0
0
-0,06473309
0
0
-0,33637685
-0,22568852
0
0
0,19167185
0
0,3876363
0
0,012674272
0
0
0
0,12951612
0,104863465
0
0
0
0
0
-0,36949068
0
0
0,1088478
0
0
0,0023278594
0
0
0
-0,38997605
0,3508963
-0,34081954
0
0
0
0
0
0,30147684
0
-7,1E-44
7,1E-44
0
-0,48986617
0
0
0,47336936
0
0
0
0
0
0,0768612
0
-7,1E-44
0
0
0,19365168
0
0
0
-0,41014904
0
0
0
0
0
-0,34150535
-0,27823466
0
0
0
0
0
0
0,16787595
0,40160257
0
-0,27937353
-0,33943382
0
0
-0,33963686
0
0
0
0
0,37106097
-0,15938896
0
0
0
0,11435127
0,22835529
0
0
0
0
0
0,19690019
-0,45030138
0
0
0
0,19036949
0
0
0
0
0
0,16435426
0
0
0
0
0
0,13208699
0
0
0
0
-0,28745073
0
0
0
0,037728727
0
0
0
0
0
0
0
0
0
0
0
-0,23483744
0
0
0
0
-0,11410317
0
0
-0,23223698
0
0
0
0
0
0
0,49017942
0
0
0
0
0
0
0
0
0
0
0
-0,4131388
0,42287534
0
0
0
0
0
0
0
0,43020672
0
0
0
-0,37792397
0
0
0
0
0
-2,86E-43
-1,43E-43
-7,1E-44
0
7,1E-44
0
0
1,43E-43
7,1E-44
7,1E-44
0,0321908
0
7,1E-44
7,1E-44
0
0
0
-7,1E-44
0
-7,1E-44
0
-0,051253825
0
0
-0,48198035
0
7,1E-44
7,1E-44
0
0,3451869
0
-7,1E-44
0
0
2,86E-43
0
0
-7,1E-44
7,1E-44
-0,13896033
0
-7,1E-44
0
0
7,1E-44
0
0
-0,49329844
-7,1E-44
-0,011696368
0
-0,18552321
-0,46931595
0
0
0
0,4537136
0
0
0
-0,028432757
-7,1E-44
-1,43E-43
-0,38213944
0
-0,08936602
-0,25156385
0,39892638
0
0
0
-0,029438645
0
-7,1E-44
-0,48640445
1,43E-43
1,43E-43
0
-0,28485972
0
0
0
0
7,1E-44
7,1E-44
7,1E-44
-1,43E-43
0
0
-1,43E-43
0
0,00019365549
-7,1E-44
7,1E-44
-7,1E-44
-0,21316764
0
0
0
0
1,43E-43
-7,1E-44
-0,07501367
-2,86E-43
0
7,1E-44
-7,1E-44
1,43E-43
-1,43E-43
0
-7,1E-44
-7,1E-44
0
7,1E-44
2,14E-43
0
0
0
0
7,1E-44
0
1,43E-43
-7,1E-44
0
1,43E-43
0
0
-0,3567395
0
0
0
0
0
0
0
0
0
0
0
0
0
0
0,021811843
0
0,31752366
0
0,35249907
0
0,16965872
0
0
0,35974973
0
-0,17097008
0
0
0
-0,17665914
0
0,40540302
-0,14672574
0
0,39276594
0,20780015
0
-0,06845352
0
0
0
-0,09153536
0
0
0
0
0
0,3880617
0
0
-0,14167011
0
0
0,0047011375
0
0
0
0
0
0,363881
0
-0,27157184
0
0
0
0
0
0
0
0
0
0
0
0
0
0
0
0
0
-0,13903368
0
-0,27202588
0,2652248
0
0
0,3605172
-0,40361738
0,32341117
0
0
0
0
-0,3408417
-0,27205366
0
0
0
0
0,29845923
0
0
0
0
0
0
0,28392214
0
0
-0,048115343
0
0
0
0
0,21583426
0
0
0
0
0
0
0
0
0
-0,44129458
0
0
0
0
0
0
0
0
0
0,48506594
0
0
0
0
0
0
0
0
0
0
0
0
0
0
0
0
0
0,13434815
0
0
0
0
0
0
0
0
0
0
0
0
0
0
0,20348752
0
-0,37730646
-0,34837788
0
0
0
0
-0,43755397
0,1449585
0
0
0
0
-0,29950762
-0,20194161
-0,052288264
0,36909378
0
0
0
0
0
0
0
0
0
0
-0,4626957
-0,18416885
0
0
0
0
0
0
0,07470262
0
0
0
0,0044201612
0
0,08663821
0
0
0
0
0
0
0
0
0
0
-0,124160826
-0,23919961
0
0
0
0
0
0
0
0
0
0
0
-0,31221077
0
0,24499917
-0,18951818
0
0
0
0
0
0
0
0
0
0
0
2,86E-43
7,1E-44
-0,0743579
0
0
0
0
-7,1E-44
-7,1E-44
7,1E-44
0,16023469
0
-0,18768203
7,1E-44
-0,0017346442
0
0
7,1E-44
0
1,43E-43
0,2543189
-7,1E-44
-0,34468544
0
0
0
0
0
0
0
0
7,1E-44
0
0
0
0,20065528
0
0
0
7,1E-44
0
0
0
0,4245702
0,012196124
0
0
0,2610945
0
0,21309787
0
-2,86E-43
0
-0,21706343
0
0
0
0
0
0
-0,3790931
0
-0,38644862
-1,43E-43
0
-7,1E-44
-0,21212167
0,059826314
0,040114343
0
0
0
0
0
0
1,43E-43
0
0
-0,38458997
0
0
0
-2,14E-43
0
0
0
-0,40476054
0
-7,1E-44
1,43E-43
0
0
0
-0,31129205
0
0
0
0
-0,23761943
0
0
7,1E-44
0
0
-7,1E-44
0
0
-2,86E-43
-1,43E-43
0
7,1E-44
-7,1E-44
0
-7,1E-44
0
0
0
0
0
0
0,16928309
0,21337986
0,14954412
0
-7,1E-44
0
0
0
0
0
0
0
0
0,32631588
0
0
-0,32733738
0
0,03212309
0,18516922
0
0
0
0
0
0
0
0,22524053
0
0
0
0
0
0,15568537
0,10839862
0,21183437
0
0
0
-0,13459292
0
0
0
0
-0,08329028
0
0
0
0
0
0
0
0
0
0
0
0
0
0
0
0
0,34713727
0
0
0
0
0
0
0
0
0
0
0
0
0
0
0
0
-0,18173811
0,367495
0
0
0
0
0
0
0
0
0
0
0
0
0
0
0
0
0
0
0
0
-0,04028818
0
0
0
0
0
0
0
0
0
0
0
0
0
0
0
0
0
0
0
0
0
0
0
0
0
0
0
0
0
0
0
0
0
0
0,42133862
0
0
0
0
0
0
0
0
0
0
-0,16622037
0,41221428
0
0
0,061156154
0
0
0
0
0
0
0
0
0
0,13828552
0
-0,3987077
0
-0,20344159
0,19537544
0
0
-0,3020919
0
0
0
0
0
0
0
0
0
0
0
0
0
0
0
0
0
0,20471102
0
0
0
0
-0,2077834
-0,45720196
0
0
0
-0,039791077
-0,380916
0
0,046001136
0
0
0
0
0
0
0
0
0
0,33438134
0
0
0
0
0,12909597
-0,4123419
0
0
0
0
0
0
0
-0,06816864
0
0
-0,38601267
0
0
0
0
0
0
0
0
0,31083256
0,3985449
0
0,31476772
0
0,036833405
0
0
-0,4419523
0
0
0,26656854
0
-0,1240381
0,12604344
0
0
0
0
0
0
0
0
0
-0,1664362
0,07037544
0,42227876
0
0
0,33269095
0,43206853
-0,4249115
0,49980253
0
0,14941609
0
0
0
0,040875137
0
0
0
0
0
0
0
0
0
0
0
0
0
0
0
0
0,099998474
0,3029588
0
0
-0,27147502
0,33341843
0
0
-0,31101826
0
0
-0,32155395
0
-0,1511108
-0,25799167
-0,107027054
0
0
0
0
-0,12076849
0
0
0
-0,015688002
0
0
0
0
-0,17232648
0
0
0
0
0
0
0
0,38211185
0
0
0,12898505
0
0
-0,44183305
0,41166878
0
0
0
0
0,16731966
0
0
0,088353276
0
0,27655482
0
-0,015200645
0
0,2597869
0,10183662
0
-0,2682412
0
0
0
0
0
0
0
0
0
0
0
0
0
0
0,03129995
0
0
0
0
0
0,04273784
0
0
-0,3565117
0
0
0
0
0
0
0
0
0
0
0
0
0
0
0
0
0
0
0,2927497
0,42638594
0
0
0
0
0
0
0
0
0,19716907
-0,27124056
0
0
0
0
0
0
0
0
0
0,08108091
0
0
0
-0,1125865
0
0
0
0
0,04787302
0
0
0
0,21504903
0
0
-7,1E-44
0
0,07959956
0
0
0
0
0
0,23642653
0
0
0
0
-7,1E-44
-0,2298378
0,26855505
0
0
0
0
0
0
0
0
0
-7,1E-44
7,1E-44
0
0
0
-0,48096398
0,21964198
0,4499321
0
0,39153194
0
0
0,28529412
0
0
0
0
0,4157492
0
0
0
0
0
0
0
-0,08027995
0
0
0,49875218
0
7,1E-44
7,1E-44
0
0
0,33545768
-7,1E-44
0
-7,1E-44
0
0
7,1E-44
0
0
0
0
0
0
0
0
0
0
0
0
0,27736318
-0,43222356
0
-0,1664797
7,1E-44
0
-0,457767
0
0
0
0
0
0,015328705
0
0
0
0
-0,4938302
0,07024807
-0,48944873
0
0
0
0
0
0
0,39637315
0
0
0
0
0
0
0
0
0
0
0
0,12869442
0
-0,2243062
0
0
0
0
0
0
0,423447
0
0
0
0
-0,072889835
0
0
-0,0024791658
0
0
0
0
0
0
-0,44669294
0
0
0
0
0
0
0
0
0
0
0
-7,1E-44
0
0
0
0
0
0
-0,122247726
-0,15557358
0
0,39564383
0
0
0
0
0,39153713
0
-0,35210505
0,30161476
0
-0,27202287
0
0,23980212
0
0
0
0
0,3101743
0
0,3060181
0,03876233
-0,31753546
0
0,11364758
0
-0,427347
0
0
0
0
0
0
0
0
0,03481108
-0,029372483
0
-2,14E-43
0
0
0
0
0
0
0
0
0
2,14E-43
0
0
0
-0,07526976
0
0
0
0
0
0
0
-0,39193493
0
0
0
0,30002195
0
-0,171435
0
0
0
0
0
0
0
0
0
0,14101493
0
0
0,3027016
0,48983717
0
-0,32716554
-0,22241542
0
0
0
0,20338196
0
2,14E-43
0
0
0
0,20536649
0,029036582
0
0
0,13951379
-0,065157354
0
0
0
0
0
0
0
0,07178408
0
-0,38534272
0
0
0
0
2,14E-43
0
0
0
-0,16436231
0,20473188
-0,47321564
0,10035688
0
0
0
-0,25712204
0
0
-2,14E-43
0
0
0
0
0
0
0
0
0
0
0
0
0
0
0
0
0
0
2,14E-43
0
0
-0,07690978
0,4809366
0
0
0
0
0
0
0
-0,10286763
-2,14E-43
0
0
0
0
0
0
0
0
0
-0,28844967
0
0
0
0
0
0
0
0
0
0
0
0
0
0
0
0
-0,22340766
0
0
0
0
0
0
0
0,08142215
0
0
0
0,10648739
0
0
0
0
-0,37970135
0
0
0
0
0
0
0
0
0
0
-0,15899664
0,26781893
0
0
0
0
-0,24423027
-0,48326316
0
0
0
0
0
0,41225553
-0,13801903
0
0
0
0
-0,15091562
0
0
0
0
-0,29249698
0
0
0
0
0
0
0,32283568
0,34377652
0
0
0,42748815
0
0,2209397
0
0,38699335
0
0
0
0
0
0,20451564
0
0
0
0
0
0
0
0
0
0,061881006
0
0
0
0
0
0
0
0
0
0
0
0
0
0
0
0
0
0
0
0
0,39131725
0
-0,3918673
0
0
0
0
-0,014353424
0
0
0
0,34569508
0
0,23957068
0
0
0,072579205
0
0,42486197
0
0
0,4982267
-0,048458695
0
0
-0,019361407
0
0
0
0
0,0008767843
0
0
0
0
0
0
0
0,16813183
0
0
0
0
0
0
0
0
0
0
0
0
0
0
0
0
0
0
0
0
0,4716853
0
0
0
0
0
0
0
0,12531644
0
0
-0,044035345
0
0
0
-0,47526246
0
0
0
0
0
0
0
0
0
0,07883316
0
-0,2883429
0
0
0
0
0
0
0
0
0
0
0,17121404
0
0
0
0
0
0
0
0
0,09212983
0,11622816
0
0,03045088
0
0
0
0
0
0
0
0
0
0
0,41867775
0,21752846
0
7,1E-44
-7,1E-44
0
0
0
0
0
0
0
-0,42497635
0,11565173
0
0
7,1E-44
0
0
-7,1E-44
-7,1E-44
0
0
0
0
0
0
0
0,24170566
0,26184225
7,1E-44
0
0
-0,20421422
-0,20809674
0
0
0
-0,21717167
0
0
0
0
0
0
0
0
0
0,23275018
0
0
0
0
0
-0,19504043
0
0
0
0
0
0
-7,1E-44
-0,47958156
0
0
0
0
-0,30016702
-7,1E-44
0
0
-0,30188012
0
-0,028494567
0
0,28896147
-7,1E-44
0
0
7,1E-44
7,1E-44
0
0
7,1E-44
0
0
0
0
0
-7,1E-44
0
-0,14376628
-0,19256204
0
0
0
7,1E-44
0
0
0
0
0,26104027
0,18253201
7,1E-44
-7,1E-44
0,4001788
0
7,1E-44
0
0
7,1E-44
-7,1E-44
0
0
-7,1E-44
0
1,43E-43
0
0
0
0
0
0
0
0
0
-0,3109221
0
0
0
0
0
0
0
0,19669598
0,29752165
0
-0,44775027
0
0
0,31688303
0,12086302
0
0
0
0
0
0
0
0
0
0
-0,08319187
0
0
0
0
0
0
0
0
0
0
0
0
0
0
0
0,22397679
-0,3580063
0,15176356
0
0
0
0
0
0
0
0,38336658
0
0
0
0
0
0
0
0
0,43364066
0,2530458
0
0
-0,08486402
-0,26727664
0
0
-0,0135091245
0
0
0
0
0
0
0
0
0
0
0
0,4530732
0
0,39190263
0
0
0,35595417
0,10042542
0
0,2103914
0
0
0
-0,1682291
0
0
0
0
-0,21905431
0,35421336
0
-0,29745072
0
0
0
0
0
0
0,24033684
0
0
0
0
0
0
0
0
0,39609432
0
0
0,046435833
0
0
0
0
0
0
0
0
0,42951536
-7,1E-44
0
0,2914948
0
0
0
0
-0,49715292
0
0,4199065
0,24773109
-0,48107758
0
0,43117887
0
0
0
-0,05404955
-7,1E-44
0
0
0
0
0,2988817
0
-0,48460907
-0,23281771
0
7,1E-44
0
0
0
-7,1E-44
0
0,1351803
0,45475584
0
-0,26579055
0
0
0
0
0
0
-0,10578656
0
0
0
-1,43E-43
0
-7,1E-44
-7,1E-44
0
0,25110722
0
-7,1E-44
-0,12193149
-0,26922607
0
7,1E-44
0,31850064
0
0
0
0
0,39464474
0
0
0
-7,1E-44
7,1E-44
0
7,1E-44
0
-0,100366175
-1,43E-43
0
0
0
0,23366743
7,1E-44
0
0
7,1E-44
0
0
-7,1E-44
0
0
0
0
-0,20022568
0
0
0
0
0
0
-7,1E-44
0
0
7,1E-44
-7,1E-44
0,05815488
7,1E-44
0,35820186
0
7,1E-44
-1,43E-43
0,024012864
7,1E-44
0
0
-7,1E-44
0
0
0
7,1E-44
-7,1E-44
-0,42419267
0
-0,19821295
-7,1E-44
0,38917243
7,1E-44
0
0
0
0
0,09931177
0,09383559
-0,026929945
0
-0,02805981
0
-1,43E-43
0
0
0
7,1E-44
0,44428194
1,43E-43
0
-7,1E-44
-7,1E-44
7,1E-44
7,1E-44
0,0210616
0,4439485
-7,1E-44
0
0
7,1E-44
0
0
0,069063485
0
0,21418762
-7,1E-44
-7,1E-44
-7,1E-44
0
0
0
0
0
0
0
-7,1E-44
0
-0,0024820566
0
0
0,17252529
0,20481986
0
7,1E-44
0,38822109
0
-0,38082165
-7,1E-44
0
-7,1E-44
0
0,2029897
-0,3548591
-7,1E-44
0,00581187
0
-7,1E-44
-0,38793853
0
0,18293011
-0,20547745
1,43E-43
0,46265888
7,1E-44
0,4673277
-1,43E-43
-0,008518606
7,1E-44
0
0
-0,31365362
7,1E-44
-1,43E-43
0
0
1,43E-43
0,0744409
0
-7,1E-44
0,25197154
0
0
-0,16359743
0
0
0
0
7,1E-44
0,35072058
-0,18477058
0
0
-7,1E-44
-1,43E-43
0,2650147
0
-7,1E-44
7,1E-44
0
-7,1E-44
0
0
0,47946507
0
0
7,1E-44
0
0
0
-7,1E-44
-7,1E-44
1,43E-43
-0,2586177
0
0
-0,09317696
0
0
0,21747297
0
0
0
0
-0,27396944
0
0
0
0
0
0
0
0
-0,45696604
0
0
0
0
0,24166036
-0,104213834
0
0
0
0
0
0
0
0
-0,37487537
0
0
0
0
0
0
0
0
0
0
0
0
0
-0,022444725
0
0
0
0,49919653
0,025049627
0,20954913
0
0
0
0
0
0
0
-0,13253859
-0,268782
0
0
0,33607852
0
0
0
0
0
0
0
0
0
0
0
0
0
-0,46998292
0
0
0
0
0
0
0,17459035
0
-0,44774666
0
0
0,19397473
0
-0,36710605
0
0
0
0
0
0
0
0
0
0
0
0
0,4148776
0
0
-0,15344602
0
0
0,040126562
0
0
0
0
-0,09302589
0
0
0
0
0
0,088671565
0
0
-0,22074467
0
0
0
0
0,4381476
0
0
0
0
0,07124108
-0,13147485
0
0
0
-0,31109184
-0,4375103
0,36781293
7,1E-44
0
0
0
0
0
0
0
0
0
0
0,49723262
0
0
-0,45840374
0
0
-0,11064282
0
0
0
0
0
0
0,36924452
0
0
0
0
0
0
0
0
0
0
0
0
0
0
0
0
0
0
0
0
0
0
0
0
0
0
-0,0039427876
0
0
-0,37130344
0
0,18169606
0
0
0
0
0
0
0
0,39635324
0
0,15642643
0
0
-0,15213892
0
0
0
0
0
0
0
0
0,28336948
-0,0864093
0
0
0
0
-0,23428914
0
0
0
-7,1E-44
0
0
0
7,1E-44
-0,3324216
0
0
0
0
0
0
0
0
-0,3760779
0
0,14321887
0,26786572
1,43E-43
-1,43E-43
-1,43E-43
0
0
0
0
1,43E-43
0
0
-1,43E-43
0
0
1,43E-43
0
0
0
-1,43E-43
0
-1,43E-43
0,23559678
0
0
0
0
0
0
1,43E-43
0
0
0
0
0
0
0
0,28261518
-0,3403781
0
0
0
-0,30142844
0
-0,30788925
-0,34531447
0,22109288
0
0
0
0
0
0
-1,43E-43
1,43E-43
-0,23511845
0,42505533
-1,43E-43
0
-1,43E-43
-1,43E-43
0
-0,055006713
0
0
1,43E-43
0
1,43E-43
0
0
0
1,43E-43
0,294679
0
0
0
-0,29763383
0
0,2366581
0
-1,43E-43
0
0,3717208
0
0
-0,23802134
-0,30165094
0
0
0
-0,085466266
1,43E-43
0
0,09481025
-0,42709717
0
0
1,43E-43
0
0
0
0
0
-1,43E-43
-0,25096166
-0,36954245
0
0
0
1,43E-43
0
0
-1,43E-43
0
-0,10444918
1,43E-43
0
0,46675062
0
0
-0,2325333
0
0,3732444
1,43E-43
0
0
0
0
0
0
0
0
0
-0,11346915
0
-0,47690803
0
0
0
0
0
0
-0,21586692
0
0
0
0
0
0
0
0
0
0
0
0
0
0
0
0
0
0
0
0
0
0
0
0
0
0
0
-0,35245925
0
0
0,37311417
0,27645546
0
0
0,0042089224
0
-0,4961158
0
0
0
-0,15132579
0
0
0
0
0
0
0,102991104
-0,1318554
0
0
-0,071496665
0,3416707
0
0
0
0
0
0
0
0
0,033851206
0
-0,31948638
0,09550285
0
-0,35122085
0
0,33445072
-0,42820588
0
0
0
-7,1E-44
0,15234846
0
-0,052678823
0
0
0
0
0
0
-0,37606972
0
0
0
0
-7,1E-44
0,02090025
-0,1744586
0
0
0
0
0
0
0,15272284
0
0
0
0
0
0
0
0
0
0
0,40166724
0
0
0
0,31403512
0
0
0,35750246
0
0
-0,04259512
-0,28625536
0
0
0
0
0
0
-0,2795968
0
0
0
0
0
-0,17779988
0
0
0
0,44966018
0
0
0
0
0,380054
0
0
0
0
0
0,05162114
0,43754226
0
0
0
0,045280993
0
0
0
0
0
-0,14127165
0
0
0
0
0,2693066
0
0
0
-0,06960222
0
0
0
0,039604962
0
0
0
-0,051333845
0
0
0
0,27088773
0
0
0
0
0
0
0
0
0
0
0
0
0
0
0
0
0
0
0
0
0
0
0
0
0
0
0
0
-0,42653048
-0,1883111
0,14931089
-0,2386452
0
-0,13678041
0
0
0
0
0
0
0
0
0
0
0
0
0
0
0
0
0
0
-0,14367148
0
-0,12446615
0
0
0
0
0
0
0
0
7,1E-44
-0,40393296
0
0
0
0
0
0
-7,1E-44
0
-7,1E-44
0
7,1E-44
0,116582155
0
0
0
0
-0,37305152
0,27969837
0
0
0
0
0
0
0
0
0
0
-0,49211445
0
0
0,3824306
0
0
0
0
0
0,28932226
0,48656487
0
-7,1E-44
0,47130793
-0,34760886
0
0
0
0
0
0
0
0
0
0
0
0
0
0
-0,099172115
0
0
0
0
0
0
-0,17129871
7,1E-44
0
0
0
0,35796535
0,14832538
0
0
0
0
0
0
0
0
0
0
-0,32048327
0
0
0
0
0
0
0
0
0
0
0,35714275
0
0
0
0
0
0
-0,2614429
0,11847252
0
0
0
0,31722903
0
0
0,07070577
0
0
0
0
0
0
-0,3039434
0
0
0
0
-0,39749148
0
0
-0,48135686
0
0
0
0
0
0
0
-0,35895967
0
0
-0,3656063
0
0
-0,13541427
0
0
0
0,24877733
0
0,34945405
0
0
0
0
0
0,3393529
0
0
0
0
0
0
0
0
0
0
0
0
0
0
0,026423037
0
0
0
0
0
0
-0,008903474
0
0
0
0
0,18295532
0
0
0
0
0
0,36165464
0
0
0
0
0
0
0
0
0
0
0
-0,42870292
0
0
0
0
0,43691832
0
0
0
0
0
0
0
0,0017950535
0
0,069666326
0
0
0
0
0
0
0
0
0
0,3612662
0
0
0,39302665
0
0,31527263
0
0
0
0
-0,27049285
-0,015634209
0,36543375
0
0
-0,10852489
0
0
0
0,057365716
0
0
0
0
0
-0,2987704
0
0
0
0
0
0
0
-0,07292992
0
0,3810439
0
0
0
0,36488515
0
0
0
0
0
0
-0,13126075
0
0
-0,46185464
0
0
0
0
0
0
0,39913702
0
0
0
0
0
0
0
0
-0,34003714
0
0
0
0
0
-0,086250454
0
0,019175053
0
-0,05956602
0
0
0
-0,05830568
0
0
0
0
-0,074163675
0
0
0
0
0
0
0
0
0
0
-0,06128055
0
0,19062006
-0,3244574
0
0
0
0
0
-0,40491277
0
0,4477936
0
0
0
0
0
0
0
0
0,38468063
0
0
0
0
-0,42389417
0
0
0
0
0
0
-0,24494836
0
-0,11000538
0
0
0
0
-0,23113725
0
0
0
0
0
0
0,07617414
0,052033484
0,34310192
0
0
0
0,12005925
0
0,018643975
0
0
0
0
-0,43316394
0
-0,35837746
0
0
7,1E-44
0
-0,23933333
0
0
0
-7,1E-44
0
0
0
0
0
0
0
0
-0,37137997
0
0
-0,19244647
-0,25377303
0,08630663
0
0
0
0
0
0
0,4869302
-0,29969198
0
0
0
0
0
0
0
0
0
-0,15530297
0,064293146
0
0
-0,39403963
0
-7,1E-44
-7,1E-44
-0,10166806
0
0,047373354
0
0
0
-0,3669716
0
0
-0,3497978
0
-0,2737664
0
-1,43E-43
0
0
-0,009805471
7,1E-44
7,1E-44
0
0
0
0
0,21148992
0
0,26180375
0
0
0
0
-0,42224568
0
0
0,34356397
0
0
0
0
0
0
0
0
0
0
-0,09942949
0
0
0,4328537
7,1E-44
-0,040617287
0
0
-7,1E-44
0
0
0
0
0
0
0
-0,095166385
0
0
0
0
0
0
0
0
0
0
0,3423679
0
0,15699631
0
0
0
-0,41494066
0,080578685
0
0
0
0
0
0
0,36232406
0
0
0
-0,36149824
0
0
0
0
0
0
0
0
0
0
0
0
-0,12393132
0
0
-0,28146625
0
0
-0,40430564
0
0
0,13712364
0
0
0
0
0
0
0
0
0
0,34722602
0,26908153
0
0
0
-0,42139584
0
0
-0,11951184
0
0
0
0
0
0
0
0
0
0
0,0013879538
0
-0,4345294
0
0
0
0,3397057
0
-0,05145523
0
0
0
0
0
0
0
0
0
0
0
0
-0,14731309
0
0
0
0
-0,48153105
0
0
0
-0,1865493
0
0
0
-0,45546895
0
-0,096562505
0
-0,07347435
7,1E-44
0
0
0
-0,21903202
0
0
-0,15494728
-0,47870138
0
0
0
2,14E-43
0
7,1E-44
2,14E-43
0
0
-0,20018718
-7,1E-44
-7,1E-44
0,22731
0
0
0,3503716
-1,43E-43
0
0,3258345
0
7,1E-44
0
-1,43E-43
0
-7,1E-44
0
0
0
-2,14E-43
0
7,1E-44
-0,33322886
0
0
0
0
0
0,35871065
7,1E-44
0,1557442
1,43E-43
0
0
0
0
7,1E-44
0
0
7,1E-44
-7,1E-44
0
-0,13403335
0
0
-1,43E-43
0
7,1E-44
1,43E-43
-1,43E-43
0
1,43E-43
0
0
0,38646233
0,41426063
7,1E-44
-7,1E-44
0
-7,1E-44
-0,44159213
-7,1E-44
-0,17246267
0,35229635
0
-0,1666536
1,43E-43
0,4728039
0
-2,14E-43
0,35178727
0,044911444
-1,43E-43
-7,1E-44
0
0
7,1E-44
-1,43E-43
0
0
0
-7,1E-44
0,21594787
2,86E-43
0,047487736
-7,1E-44
-7,1E-44
7,1E-44
0
0
7,1E-44
0
7,1E-44
0
-1,43E-43
7,1E-44
-0,36229932
2,14E-43
-7,1E-44
7,1E-44
-0,31816286
-2,14E-43
0
0
7,1E-44
1,43E-43
-0,20901516
-1,43E-43
-0,26977855
0,29297924
7,1E-44
0
7,1E-44
0
-7,1E-44
0
7,1E-44
0
0
0
0
0
0
-0,092698365
0
0
0
7,1E-44
0
0
0
0
0
0
0
0,18979275
0
0
0
0
0,2441966
0,4446404
0
0
0
0
0
0
0,17169905
0
0
0
0
0
0
7,1E-44
0,3598315
0
0
0
0
0
0
0
0
0
0
0
0
0
-7,1E-44
7,1E-44
0
0
0
0
0
0
0
0
0
0
0
0
0
0
0
0
0
0
0,454109
0
0
0
0
7,1E-44
0
0
0,46654874
0
0
0
-0,3210547
0
0
-0,08223027
0
0,25256854
0
0
0
-0,2112717
0
0
0
0,28613204
0
0
0
0
-0,1534074
0,32651955
-0,2839877
0
0
-0,014343172
0
7,1E-44
0
0,49615294
0
0
7,1E-44
-7,1E-44
0
0
0
0
0
0,17042828
0
0
0
0
0,07173383
0
0
0
0
-0,19569874
0
0
0
0,3231439
2,14E-43
0,10760617
0
0
0
0
-0,080814034
-0,31606734
0
0
0
0
0
0
0
0
0
0
0
0
0
0
-0,37383112
0
0
0,109713554
0
0
0
0
0
0,26510203
0
0
0
0
0
0,08249694
0
0
-0,16615331
2,14E-43
0
0,056616604
0
0
0
0
0
0,26781803
-0,19516125
0
0
0
0
0
0
0
0
0
0
0
0
-0,21724421
0
2,14E-43
0
0
0
0,0638659
0
0
2,14E-43
-0,387123
-0,011697143
0
0
-0,22412005
0
-2,14E-43
-0,13209525
0
0
0
-0,08473885
0
0
0,024479508
-0,28448987
0
0,32895702
0
0
-0,36459583
0
0
0,40272397
0
1,43E-43
0,30202222
-0,15185815
0
0
-7,1E-44
-0,3986227
0
0
0
0
0
-0,17286569
-0,40757358
0
0
0
0
0
0
0
0
0
0
-0,09257653
0
-0,34086102
0
0
0
0
0
0
0
0,084420204
0,032502353
0
0
0
0
0
0
0
0,17721874
-0,06266713
0
0
0
0
0
0
0,4314633
0
0
0
0
0
0
0
0
0
0
0
-0,026090473
0
0
0,007992864
0,34323204
0
0
0
0
0
0
0
0
0
-0,17220005
0
0
0
0
0
0
-0,36393285
0,47106874
0
-0,34042293
0
0
0
0
0
0
0
0
-0,39703593
-0,25022715
0
0
0
0
0,23756045
0
0,3804801
0
0
0
0
0
0
0
0
0
0
0
0
0
0
-0,30344993
0
0
-0,40043437
0
0
0,043570817
0,14728338
0
0
0
0,07360244
0
0,32491624
0
0,107047796
0
0
0
0
0,439606
0,2698602
0,30226022
0
0
0
0
0,3938231
-0,46363828
0
0
0
0
-0,1552586
0
0
0
-0,268849
0
0
0
0
0
0,06757915
0
-0,17621493
-0,41923726
0
0
0
0,35851747
0
0
0,45519876
-0,22302085
0,29190403
0
0
0,14463669
0
0
0
0
0
0
0,009695888
0
0
0
0
0
0
0
0
-0,46182275
0
0
0
0
-0,041857153
0
0
0
0
0
0
0
0
0
0
0
-0,39032245
0,055871367
0
0,43117154
0
0
0
-0,2102564
0
0
0
0
0
0
0
0
0,29259425
0
0
0
0
0
0
0
0
0,22667211
0
0
0
-0,4532581
-0,040297627
0
0,07637107
0
0
0
0
0
0
0
0
0,44481653
0
0
0
0
9,250641E-05
0
0
0
0
0
0
0
-0,24621373
-0,4750671
0
0
0
0,42731583
0
0
0,23669112
0,35961866
-0,27322817
0
0,48694813
0
0
0
0
-0,30789912
0
0
0,45392346
0
0
0
0
0
-0,004590094
0
0
0
0
0
0
0
-0,487775
0
0,124941826
0
0
0
0
0
0
0
0,32474732
0,08985031
0
0,059879005
0
-0,07783383
0
0
-0,44087958
0
0
0,23208582
-0,28672206
0
0
0
0
0
0
0
0
0
0
0
0
0
0
0
0
0
0
0
0
0
0
0
0
-0,48276737
0
0
0
-0,14737427
0
0
0
0
0,099633515
0
0
0,40077263
0,3721863
0
0
0
0
0,34686357
0
-0,47271964
0
0
0
0
0
0
0,31495023
-0,3126
0
0
0
0
-0,04701203
0
0
0
0
0
0
0,20761716
0
0
0
0
0
0,12413353
0
-0,2650657
0
0
0
0
0
0
0,45838004
0
-0,07912588
0,11460894
0
0
0
0
0
0
0
0
0
0
0
0
0
0,45368034
0
0,18070155
0
0
0
0
0
0
0
0
-0,38047493
0
0
0
0
0
0
0,076869965
0
0
0
0
0
0
0
0
0
0
0
-0,18386713
0
0
0
0
0
0
0
0,09719813
0
0
0,4035483
-0,06723991
0
0
-0,264818
0
0
0
0
0
0,08485079
-0,41349962
0
0
-0,20762101
-0,49622512
0
0
0,008139014
0
0
0
0
0
0
0
0
0
0
0,41304833
0
0
0
0
0
0
0,41985792
0
0
0
0
0
7,1E-44
0
0
-0,14551732
0
0
0
0
0
0
0
0
0
0
0
0
-0,38800853
2,14E-43
-1,43E-43
0
0
0
0
-0,31566292
1,43E-43
-0,18927932
7,1E-44
0,19521505
0
0,23263764
7,1E-44
0
0
0
-1,43E-43
0
0,39404303
0,3023724
-1,43E-43
0
0
0
0
7,1E-44
1,43E-43
0
0
-7,1E-44
7,1E-44
0
0
-7,1E-44
0
0
-7,1E-44
0
0
0
0
0
0
-0,45161176
0
0
0
0
-0,48406762
-0,22621146
-7,1E-44
-0,36817002
0
0
0
-0,40910497
-7,1E-44
-7,1E-44
0
1,43E-43
0
7,1E-44
-0,28286487
0
0
0
0
-0,375083
0
0
0
0,16382438
7,1E-44
0
7,1E-44
-1,43E-43
7,1E-44
-1,43E-43
0
0
0
-7,1E-44
0
0
0
1,43E-43
0
0
-0,47699735
0
0
0
0
0
0,14082128
0
0
0
0
-7,1E-44
7,1E-44
0
0
0
0
0
0,11614585
1,43E-43
0
-0,12934968
7,1E-44
-0,18757105
1,43E-43
0
0
-0,3019686
-0,1731134
0
0
0
0,382455
0
0
0,0075718164
0
0
0
-0,2512576
0
0
0
0
0,37242812
0
-0,1120587
0
0
0,48501825
0
0
0
0
0
0
0
0
0
0
0
0
0
0
0
0
0
0
0
0
0
-0,41672856
0
0
0
0,46975607
0
0,25725406
0
0
0
0
0
0
0
0
0,3156289
-0,16669196
0
0
-0,15119094
-0,39472803
0
0
0
0,3216759
0
0
0,32417762
0
0
-0,40334556
0
0
0
0
0
-0,0838007
0
0
0
0
0
0
0
0
0
0,17800063
0
0
0
-0,27624756
0
0
0,26551783
7,1E-44
0
0
0
0
0
0,2602663
0
0
0
0
0
0
0
0,4403823
7,1E-44
0
0
0
0,12583053
0,15369803
-0,02431354
0
0,35070664
0
-0,48332533
0,0805459
0
0
0
0
0
0
0
0
0
-2,86E-43
0
0
0
0
0
0
-0,19674718
0,36966652
0
0
0
0
0
-0,09945771
0
0
-7,1E-44
0
-7,1E-44
0
0,1935873
0
0
0
0
0,4132681
0,31434244
0
0
0
0
0
-0,2098285
2,86E-43
0
0
0
0
0
0
-0,040888637
0
0
0
-0,48360398
0
0
0
-0,023644447
0
0
0
0
-0,0855926
0
0
0
0
0
0
0
0
0
0
0
0
-0,27148557
0
0
0
0
-0,2094321
0
0
2,86E-43
7,1E-44
0
2,86E-43
0
0
0
-0,3897149
-0,05053407
-0,029182673
0
0
0
0
-2,86E-43
0
0,40641332
0
0
0
-0,23225594
0
0
0
0
0,30367553
0
0
-2,86E-43
0
0
-0,450765
-0,11847955
0
0
0
0
0
-0,4189785
2,86E-43
0
0
0,34720927
0
0
0
0
0
0
-0,16995934
0
0
0
0
0
0,11921728
0
0
0,2906614
0
0
0
0
0,40770602
0,19801003
0
0
0
0
0
0
0
0
0
-0,4192527
0
0
0
-0,00493297
0
0
0
0
0
0,027797222
0
0
0
0
0
-0,20578045
0
0
0,4199074
0
0
0
0
0
0
0
0
-0,25813377
0
0
0
0
0
0
0
0
0
0
0
0
0
0
0
0
0
0
0
0
0
0
0
0
0
0
-0,4455742
0
0
0,48431045
0
0
0,1922847
0
0
0
0
0,056996703
0
0
0
0
0
0,45219535
0
0
0
0
-0,2469188
0
0,49579233
0
0
-0,14686808
0
0
0
0
0
0
0
-0,23313007
0,036560297
0
0
0
0
0
0
0,030447483
0
0
0
0
0
0
0
0,37229985
0
-0,032735765
0
0,44911903
0
0
0
0
0
0
0
0
0
0
0
0
0
0
0
0
0
0
0
0
0
-0,4369455
-0,44786716
0
-0,4745101
0
0
0
0
0
-0,23878998
0
0
0
0
0,030946076
0
0
0,04958701
0
0
0
0,4872495
0
-0,18059793
0
0
0
0
0
0
0
0
0
0
0
0
0
-0,3442038
0
0,25925136
0
0
0
0
0
0
-0,3669817
0,2563154
0
0
0
0
0
0
0
0
0
0
0,34380412
0
0,27969408
0
0
0
0
-0,27480212
0
0
0
0
0
-0,003254205
0
-0,35033357
0
0
0
0
0,47653323
0
0
0
0
0
0
0
0
0,10720664
-0,008626789
0
0
0
0
0
0
0
0
-0,2847681
0,36134785
0
0
0
0
0,08997452
0,4551288
0
0
0
0
0
-0,38140562
0
0
0
0
0
0
0
0,16952616
0,18039644
0
-0,029502213
0
0
0
0
0
0
0
0
0
0
0
0
0
0
0
0
0
0
0
0
0
0
-0,43152022
0
0
-0,49796575
0
-0,03893298
0
0
0
0
0
0
0,18157583
0
0
0
0
0
0
0
0
0
0,23264587
0
0
0
-0,34019607
0
0
0
0
0
-0,45198596
0
0
0
-0,24098298
0
0
0
0
-0,03797683
0
0
0
-0,39098084
0
0
0
0
0
0
0
0,012372494
0
0,4881811
0
0
0
0
0
0,4513141
0
0
0
0
0,2124793
0
0,08654541
0,4198861
-0,15133888
0
0
0
0,46672398
0
0
-0,42546454
0
0
0
0
0
0
0
0,09816015
0
0,27742374
0
0
0
-0,20184746
0
0
0,3209622
0
0
0,15173507
0
0
0
0
0
0
0
0,29860747
0
0
0
0
-0,0006455481
0,48342025
0
0,09525919
0
0
0,09457183
0
0
-0,28471267
0
-0,16880941
0
0
0
0
0
0
0,40058988
0
0
0
0
-0,24211925
0,41561717
0
0,30463523
-0,26883805
0
0
0,11187965
0
0
0
0
0
0,046168208
0
0
0
-0,058054835
0
0
0
0
0
0
0
0
0
0
0
0
-0,06253454
0
0
0
0,24441582
0
0
0
0
0
0
0
0
0,4083327
0
0
0
0
0
0,4269266
0
0
-0,13807347
0
0
0
0
-0,38458297
0
0
0
0
0
0
-0,23778668
0,09577179
0
0
-7,1E-44
0
0
0
-7,1E-44
0
0
0
0,29907978
0
0
0,033981323
0
0
0,052675366
0
0
0
-7,1E-44
0
0
0
0
-0,440095
0
0
0,08306295
0
0
0
0,19967341
0
0
0
0
0
0
0
-7,1E-44
0
0
-0,33488134
0
0
0
-0,15787414
0
7,1E-44
0
0
-0,39783874
0
0
0,44693726
-0,13051188
0
-7,1E-44
-7,1E-44
0
0
0
-7,1E-44
0
0
0
0
0
0
0
0
0
-0,33987403
0
0
-7,1E-44
-0,21352279
-0,06505084
0
0
0,13240749
0
0,19228965
7,1E-44
0
7,1E-44
0
0
0
0
0
0
0
0
0
0
0
0
-0,4284204
0
0
-7,1E-44
-7,1E-44
0
7,1E-44
0
0
7,1E-44
0,101416945
-0,23572364
-0,23095047
0
0
7,1E-44
-7,1E-44
0
0,34403443
0
-0,3782428
0,048695803
-0,045192987
7,1E-44
0
0
0
-0,25097692
0
0
0
0
0,31425273
0,061158538
0
0
0
0
0
0
0
-0,027309358
0
-0,2686324
0
0
0
0,49570912
0
0
0
0
-0,40059942
0
0
0
0
0
0
0
0
0
-0,03171897
0
0,30574346
0
0
0
0
0
0
0
-0,2929479
-0,18203062
-0,00058811903
0
0,21956408
0
0
0
0,19516504
0
0
0
0
0
0
0
0
0
0
0
0
0
0
0
0,005009055
0,16075826
0
0
0
0
-0,22452772
0
0
0
0
0
0
-0,38275117
0
0
0
0
0
0
0
0
0
0
0
0
0
0,16748059
0
0
0
0
0
0
0
0
0
0
0
0
0
0
0,014275134
0
0
0
0,47891903
0
0
0
0
0
0
0
0
0
7,1E-44
0
0
-0,42476514
0
-0,23599184
0
0
7,1E-44
0,07622397
0
0
-0,25802642
7,1E-44
0
0
0
0,31525147
0
0
0
7,1E-44
0
0
0
0
7,1E-44
0
0
0
0
0
0
0
0
0,33909833
7,1E-44
-7,1E-44
0
0
0,31514877
0
0
-0,38468802
0
-0,34134093
0,34437257
0
0
0,33586895
0
-7,1E-44
0
0
-7,1E-44
0
0
0
-0,32398954
0
0,34318703
-0,49796537
0
7,1E-44
7,1E-44
-1,43E-43
-0,38269734
-0,21746382
-0,19040734
0
0
0
0
0,348199
0
-0,012502581
1,43E-43
0
-7,1E-44
0
0
0,29468447
0
1,43E-43
0
0
0
0
-0,22859582
0
0
0
0
0
0
0
0
0
0
-0,35043967
0
-7,1E-44
-7,1E-44
0
0
-1,43E-43
-7,1E-44
-0,31004828
-7,1E-44
0
0,15067053
-7,1E-44
0
1,43E-43
-7,1E-44
0
0,115813315
-0,32459366
0
0
0
-0,49081856
0,1677432
0
0
0
-0,32457128
0
0
0
0
0
0
0
0
0
0
0
0
0
0
0
-0,4786363
0
0
0
0
0
0
0
0
-0,04466203
0
0
0
0
0
0
0
-0,2695123
0
0
0
0
0,08142489
0,10404116
0,13022763
0
0
0
0
0
0
0
0
0
-0,123788625
0
0,0045208335
0,23403001
0
0,10420406
0
0
0
0
0,0009326935
0
0
0
0,28033906
0
0
-0,003686875
0
0
0
0
0
0
0
0
0
0
0
0,210792
0
0
0
0,20898587
0,14963347
0
0
0
0,22174007
0
0
0
0
0
0
0
0
0
0,39220804
0
0
0
0
-0,40973303
0
0
0
0
0
0
0,43015975
-0,29681468
0
0
0
-0,15289214
0,49816877
0
0,2727661
0
-0,008308619
0
0
0
7,1E-44
0
0
0
0
0
-0,3200326
0
0
7,1E-44
0
0
0
-7,1E-44
0
-0,2746352
0
-0,11939862
0
-7,1E-44
0
-7,1E-44
0
0
0
0
0
0
0,14842796
0
0
-7,1E-44
0
0,04377663
0
0
0
-0,0926944
0
-0,059375346
0,23567736
0
0
0
-0,46747825
0
0
0
0
0
0
7,1E-44
0
0
0
0
0
-0,07354048
0
0
0
0
0,39447314
0
0
0
0
0
0
-0,006783873
0
-0,1549555
7,1E-44
0,24817461
0
-0,21232781
-7,1E-44
0,48661095
-0,2621237
0,30793524
0
0
0
0
0
0
-0,34384143
0,28815955
0
0
0
-0,1479125
7,1E-44
-0,43066233
-0,4755832
0
0
0
0
-0,23896953
0,15947968
0
7,1E-44
0
0
0
0
0
1,43E-43
0
7,1E-44
0
0
-7,1E-44
7,1E-44
0
0,066800654
0,43071377
0
7,1E-44
-0,3223287
0
0
0
0
0
0
0,3375054
0
0
0
0
0
0
0
0
0
0
-0,15584189
0
0
0
0
0
0
0
0
0
-0,0914042
0
0
0
0
0
0
0
0
0
-0,0880658
0
0
0
0
0
0
0
0
0
0
0
0
0
0
0
0
0
0
0
-0,34654215
0,3926717
0
0,49977332
0
0
0
0
0
0
0,1340794
0
-0,30690694
0
0
0
0
0
0
0,17148024
0
0
0
-7,1E-44
0
0,21350443
0,05740583
-0,3223787
0
0
-7,1E-44
0
0
0
0
0
0
0
0
0
0
0
0,053634167
0,4216377
0
0,18855703
-0,01391691
0
0,39203364
0
0
0,06409049
0
0
0,14715952
0
0
7,1E-44
0
0
-0,3287993
0
0,02127868
0,10595888
0
-0,1105206
0
0
0
-0,28805387
0
0
0
0,22456604
0
0
0
0,1879732
0
0
0
0
0
0
0,38614017
0
0
0
0
0
0
0
0
0
-0,27305776
-0,16921675
0
0
0
0
0
-0,34330988
0
0
0
0
-0,3636248
0,33259743
-0,054456383
0
0
0
-0,41647378
-0,15296826
0
0,15821046
0
0
0
-0,048597276
0
0,49984562
0,38259572
0
0
0
-0,23687488
0
0,41040623
0
-0,42430618
0
0
0
0
0
0,31372452
0
0
0
0
0
0,40466738
0
0
0
0
0
0
0
0
0
0
0
0
0
0
0
-0,4489927
0
0
0,19742048
0,14272636
0,29920924
0
0
0
0
0
0,06881267
-0,09361145
0,28697222
0
0
0
0
0
0,1054672
0
0
0
0
0
0
0
0
-0,12533358
0
-0,14029604
0
0
0
0
0,40847152
-0,3983906
0
0
0,47262436
0
0
0
0
0
0
0
0
0
0
0
0
0
0
0
0
-0,03877154
0
0
-0,2965621
0
0
0
0
0
0
0,24405879
0
0
0
0
0
0
0,36379194
0
0
0
-0,26281354
0
-0,1829566
-0,28773406
0
0
0
0
0
-0,42809653
0,17817122
0
0
0
0,004787445
0
0
0
0
0,25187105
0
0
0
0
0,14483267
0
0
0
-0,02691099
-0,4737198
0
0
-0,295884
0
0
0
0
0
0
-0,1313605
0
0
0
0
0
0
0
0
0
0
0
0
0
0,27430606
0,4312355
0
0
0
0
-0,07124281
0
0,25145113
0
0
0
0
0
0
0
-0,4095297
0
0,06464511
0
0
-0,35780835
0
0
0
0
0
0
0
0
-0,46398345
0
0
0,1915819
0,22190988
0
0,46666473
0
0
0
0
0
0
0
0
0
0
0
0
0,1643855
0
0
0
-0,13362247
0
0
0
0
0
0
0
0
0,012519062
0
-0,25648814
0
0
0
0
-0,21511474
0
0,11680448
0
-0,35846335
0
0
-0,2410874
0
0
0
0
0
0
0
0
0,39725524
0
0
0
0
0
0
0
0
0
0
0
0
0
0
0
0
0
0
-0,49038243
0
0
0
0
0
0
0
-0,38008243
0
0
0
0
0
0
0
0,036174774
0
0
-0,4445664
0
0,008705378
0
0
0
0
0
0
0
0
0
-0,38024995
0
-0,3171907
-0,33969572
0
0
0
0
0
0
0
0
0
0
0
0,18414497
0
0
0
0
0
0
0
0
0
0
0
0
0,34799194
-0,30314457
-0,2119394
0
0
0
0
0
0
0
0,14591038
0
0
0
0
0,4829697
0
0,37718445
0
-0,14242694
0
0
0
0
0
0
0
0
-0,47701177
0,09390724
0
0
0
0
0,35801536
0
0
0
0
0
0
0
0
0
0
0
-0,42681432
0
0
0
0
0
0
0,43653166
0
0
0
0,30324465
0
0
0
0
0,012530029
0,40496606
0
0,34727806
0
0
0
0
0
0
-0,46694142
0
0
0
0
0
0,11022037
0
-0,44189817
0
0
0
0
0
0
0
0
0
0
-0,08049089
0,43162036
0
0
0,123665035
0
0
0
0
0
0
0
0,44718856
0,041886866
0
0
0,18505883
-0,15299731
0
0
0
0,146155
0
0
0
0
0
0
0
0,2847709
0
0
0
0
0
0
0
0
0
0
0,48015028
0
0
0
0,124946
0
0
0
0,23594397
0
0
0,37501806
0
0
0
0,32936335
0
0,4096836
0
0
0
0
0
0
0
0
0
0
0
-0,36545414
0
0
0
0
0
0
0
0
0
0
0
0
0
0
0,30362725
0
0
0
0
0
0
0,06390762
0
-0,4520182
0
-0,086551696
0
0
0,18781853
0
0
0
0
0,08281958
0,27717417
0
0,3658387
0
0
0
0
0,30206168
0
-0,38164
0
0,37630987
0
0
0
0
0
-0,038947612
-0,37200043
-0,10215795
0
0
0
0
0,19572014
0
0
0
0
0
-0,32024753
0
-0,2450485
0
0
0
0
0
0
0
0
0
0
0
0
0
0
0
0
0
0
-7,1E-44
0,35967654
0
0
0
0
0
0
-0,1875185
-7,1E-44
0
0,008271396
0
-7,1E-44
0
0
0
-7,1E-44
0
-1,43E-43
0
7,1E-44
0
0,39955354
0,3915308
0
-7,1E-44
0
0,49828178
0,06543398
0
-7,1E-44
0
0
7,1E-44
0
0
-0,11875895
-0,48973185
0
-0,023415267
0
0
0
0
0
0,20321292
0
0
0
0
7,1E-44
0,30141872
0
0,23538566
-0,03137988
7,1E-44
0
0,036430538
0
-0,33910757
-0,4021023
-7,1E-44
0
0
7,1E-44
0
0
0
0
0
0
0
0
0
-7,1E-44
0
0
0
0,16368783
-0,008860648
0
-0,037350923
0,18853521
0
-0,32878998
-7,1E-44
0
7,1E-44
-7,1E-44
0
0,055543065
0
-7,1E-44
0
0
0
0
0
0
7,1E-44
-7,1E-44
0
-0,031371057
-0,27805835
0
0,17592973
7,1E-44
-7,1E-44
0,47822547
-7,1E-44
7,1E-44
0
0
0
0
0
0
0,23710477
-0,2905941
0
7,1E-44
0
-0,25642818
7,1E-44
0
0
0
0
0
-0,0020208359
0
0,2527091
-0,118261844
0,07146406
-0,25809836
0
0
0
0
0
0,2567283
0
0
0,36950505
0
0
0
0
0
-0,015782863
-0,47584265
-0,3636372
0
0
0
0
0
0
0
0
0,37758422
0,4670595
0
0
0
0
0
0
0,2382369
0
0
0
0
0
0
0
0
0
0
0
0
0,001424551
0
0
0,35108918
0
0
1,43E-43
0
0
0
0
-0,006038755
0
0
0
0,35996854
-0,16437444
0
0
0
0
0
-0,19979098
0
0
0
0
0
0
0
0
0
0
0
0
0
-0,3303987
0
0
0
0
0
-0,07895598
0
0,45222068
0
0
0,28508788
0
0
0
-0,4353303
0
0
0
0
0
0
0
0
0
0
0
0
0,3775543
0,42457855
0
0,42276537
0
0
0
0
0,36088902
0
0
0
-0,22072601
0
0
0
0
0
0
0
0
0
-0,25949228
0
0
-0,3536491
-0,11702129
0
0
0
0
0
0
0
0
0
0
0
0
-0,2485767
0
0
0,13647395
0
0
0
0,31013203
0
0
-0,22766665
0,17939353
0
0
0,42413092
0
0
0
0
-0,44863313
0
-0,2973274
0
0
0
0
-0,42225084
0
0
0
0
0
0
0
0
0,4297439
0
0
0
0,21016932
0
0
-0,20700017
0
0,35600233
0
0
0
-0,25955337
0
0,33615
0
0
0
0
-0,294778
0
0
0
0,2702083
0
0,42649508
0
0,052461505
0
0
0
0
0
0
0,31777877
0
-0,089029014
0
0
0,41632318
0
0
0
0
0
0
0,4943133
0
0,2493025
0
0
-0,33392906
0
0
0
0,13328421
-7,1E-44
0
0
0,4431587
0
7,1E-44
7,1E-44
0
-7,1E-44
0
0
7,1E-44
0
-0,32768196
0
-0,010865152
0
-7,1E-44
0,34866065
7,1E-44
0
0
0
0
-0,45578936
0
0
-0,14348096
0
-0,47948888
0
-0,16856349
0,12441832
0
-0,373047
0
0,48122555
0
0
0
0
0
0
0
0
0
0
0,030359566
0
0,36167133
0
0,06566787
0
0
0
-0,4296541
0,40061307
0
0
0
0,10830426
0
0
0
0
0,03230226
0
0
0
0
0,31997007
-7,1E-44
0
-7,1E-44
7,1E-44
0
0
0
0
0,008564472
7,1E-44
7,1E-44
7,1E-44
0,43697214
-7,1E-44
0
0
7,1E-44
0
0
0
0
0,29447514
0
0
-7,1E-44
0,22337192
0
7,1E-44
-7,1E-44
0
0,024519086
0
-0,024013579
0
7,1E-44
-7,1E-44
-0,073823035
-7,1E-44
-7,1E-44
-0,003776431
0
-7,1E-44
0
0
0
0
7,1E-44
7,1E-44
7,1E-44
0
0
7,1E-44
0
0
0
0
0
0,4062901
0
0
0,28464162
0
0
0
0
0
0
0,42257756
0
0
0
0
0
-0,28280675
0
0
0
0
0
0
0
0,123131335
0
0
0
0
-0,09693071
0
0
0
0
-0,24239826
0
0
0
0
0,30270928
0
0
0
0
0
-0,32851523
0
-0,3872094
0
0
-0,4226199
0
0
-0,038994193
0
0
0
0
0
0
0
0
0
0
0
0,112858415
0
0
0
0
0
0
0
0
0
0
0
0
0
0
0,011226714
-0,299686
0
0
-0,42821163
0
0
0
0
0
0
0,16401196
0
0
-0,102873206
0
0
0
0
0
0
0
0
-0,39220527
0
0
0
0
0
0
0
0
0
0,41311324
0
0
0
0
0
0
-0,29877973
0
0
-0,1996716
0
0
0
0
-0,21421552
0
0,005453825
0
0
0
0
0
0
0
0
0
0
0
0
0
0
0
0
0,19954091
0
0,17418522
0
0
0
-0,48051062
2,86E-43
0
0
0
0
-0,38436666
0
0,16587561
0
-0,36495197
0
0
0
0,42033666
0
0,39528096
-0,37486625
-0,29600036
0
0
0
0
0
0
0
0
0
0
0
0
0
0
0
0
0
0
-0,15827414
0,43105274
0
0
0
0
0
0
2,86E-43
0
0
0
0,21111482
0
0
0
0
0,33503115
0,048734963
0
0
0
0
-0,26076132
0
0
0
0
0
0
0
0
-0,046635985
0
0
0
0,20428824
0,20614123
0
0
0
0
0
-0,12473506
2,86E-43
0
0
0
0
0
0
0
0
0
0
0,1664887
0
0
0,28462613
0
0
0
0
0
-0,49085867
0
0
0,30421847
0
0
0
0
0
0
0
-0,2811157
0
0
0
0
0,44435292
0
0,21820253
0
0
0
-0,16126907
0
0
0
0
0
-0,47728306
0
0
-0,22511244
0
0
0
0
0
0
0
0
0
0
-0,065330476
-0,36999524
0
0
-0,33394662
0,45703095
0
0
0
0
-0,43793744
0
0
0
0
0
0
0
0
0
0
0
0,29546636
0
0
0
0
0
0
0
0
0
0
0,100819945
0
0
0
-0,114848495
0
0
0
0
-0,15365693
-0,061651558
0
0
0
0
0
0
0
0
0,3632422
0
0
-0,23057732
0
0
0
0
0,15978575
0
-0,39076412
0
0
0
0
0
0
0
0
0
0,4770394
0
0
0
0
-0,48434973
0
0
0
0
0
0
0
0,14891505
-0,37590674
0
0
0
0
0
0
0,21648079
0
0
0,23138773
0
0
0
0
0
0
0
0
0
-0,42479295
0
0
0
0
0
0
0,39772308
0
0
0
0
0
0
0
0
0
0
0,21035111
0
0
0
0
-0,19584534
-0,20743448
0
0,03280133
0
0
0
0
-0,031569064
0
0
0
0
0
0
-0,034551978
0
0
0
0
0
0
0
0
0
0
-0,2602452
0,15965545
0
0
0
0
0
0
-0,22142068
0
-0,15127277
0
0
0
0
0
0
0
0
0
0
0
0
0
0
0,08122736
0
0
0
0
0
-0,06494978
0
0
0
0
0
0
0
-0,41325545
0
0
0
0
0
0,015401125
0
0
0
-0,10768148
-0,32482672
0
-0,074264646
-0,17552918
0
0
0,2137397
0
-0,073636144
0
0
0
-0,29242182
0
0
0
0
0
0,13064128
0,100331664
-7,1E-44
0
0
0
0
0
0
0
7,1E-44
0
0,023276031
0
0,28163916
0
0
0
0
0
0
0
0
0,30092883
0
0
0,051260233
0
0,058362424
0
0
0
7,1E-44
-0,16585153
-0,20912832
0
0
0
0,46559095
0
0,3928746
0
0
0,4289505
0
0
0
0
0
0
0
0
-7,1E-44
-0,16521981
0
-0,1686711
0
-0,17925712
0,040336013
-7,1E-44
0
-0,20401439
0
0
0
-7,1E-44
0
0
0
0,11135161
0
0
0
0
0,36042488
0,09176761
0
0
0
0
0
0
0
0
-0,07804862
0
0,0522483
0
0
-0,47752842
0,12915343
0
0
0
0
0
0
0
0
-0,06600717
0
0
-7,1E-44
0
0
0
0
0
0
0
0
0
0
-0,24836707
0
0,4763536
0,34687775
0
0
0
0
0
0
0
0
0
0
7,1E-44
0
0
0
0
0
0
0
-7,1E-44
0
0
-7,1E-44
0
0
0
0
0
0
0,3163213
0
0
0
0
-0,36097294
0
0
0
0
0,051715195
0
0,38521582
0
0,4761454
0
0
0,2871539
0
0
0
0
0
0
0
0
0
0
-0,40757847
0
0
0
0
0
0
0
0
0
0
0
0
0
0
0
-0,38013083
-1,43E-43
0
0
0
0
0
0
0
0
-0,07051417
0
0
0
0,21258986
0
0
0
0
0
0
0
0
0
0
0,2009883
0
0
0
-0,0084524155
0
0
0
0
0
0
0
0
0,214199
0
0
0
0
0,32003856
-0,0770084
-0,4972421
0,17986953
0
0
0,20125532
0
0
0,0677703
0
0
0
-7,1E-44
0
7,1E-44
0
0
0
0
0
-0,34440517
0
0,396029
0
0
0
0,28800446
0
0
0
0
0
0
0
0,15087742
0
0
0
0
0
-0,43995914
0
0
0,27762604
-7,1E-44
7,1E-44
0
0
0,082978725
0
0
-0,13731697
0
0
0
0
0
0
0
0
0,023263931
0
0
0
0
-0,40459785
0
0
0
1,43E-43
0
0,48161185
0,23714042
0
0
0,4475326
0
0
0
0
0
0
-0,043384403
0
0,061230123
0
0,08287519
0
0
0
0
0
0
-0,010346651
-0,22251019
0
0
0
0
0
0,41616476
0
0
0
0
0
7,1E-44
0
0
0
0
0
0,29836953
0
0,05388701
0,07365036
0
0
0
0
0
0
0
0
0
0,04739952
-0,26440185
0
0,14309806
0
-0,05597666
0
0
0
0
0
0
-0,06950346
0
0
0
0,35762435
0
0
0
0
0
0
0
0
0
0
0
0
0
0
0
0
0
0
0
0
0
0
0
0,36409485
0
0
0
0
0
0
0,27772492
0
0
0
0
0
0
0
0
0
-0,052770197
0
0
0
0
0
0
0
0
0
0
0,33815515
0
0
0
0
0
0,34085047
0
0
0
0
0
0
0,015731454
0
0
0
0
0
0
0
0
-0,03940609
0
0,4923221
0
0
0
0
0
0
0
0
0
0
0
0
0
0
0
0
-0,42968547
0
0,3067888
0
0
0
0
0
0
7,1E-44
-0,27813846
0
0,27500206
0
0
0
0
0
7,1E-44
0
0
0
7,1E-44
0
0,007100582
0
0
0
0
0
0
0
0
0
-0,18982956
0
0,20849878
0
0
0
0
0
0
0
-0,042170554
0
0
-0,047884405
-0,20645416
0
0
0
0
0
0
0
0,2910034
0
0
0
-7,1E-44
0,10312295
0,122060716
0
0
0
0
0
0
-0,117988944
0
0
0
0,1544686
-7,1E-44
0,07224959
0
0
0
0
-0,028330475
0
-7,1E-44
0
0
7,1E-44
0,13471568
0
0
0
0
0
0
0,16734982
0
0,42142755
0
-7,1E-44
-0,3858188
0
0
-0,08753601
7,1E-44
0
0
0
0
0
0
0
0
0
0
0
-0,272142
0
0
0
0
0,014919281
-7,1E-44
0
7,1E-44
0
0
0,47731888
0
0
0
0
0
0
-0,44353276
-0,41115052
-7,1E-44
0
0
0
0
0
0
-0,19541222
0
-7,1E-44
0
0
0
-7,1E-44
0,0013154149
-0,14426416
7,1E-44
7,1E-44
-0,1005896
0,10422236
-0,20785376
0
0
0
0
0
7,1E-44
-7,1E-44
0,22450614
0,37702394
7,1E-44
7,1E-44
0
-0,3806904
-7,1E-44
0
0
-7,1E-44
0
0
0
0
0
0
0
0
0
0
0
0
0
7,1E-44
0
0
0
0
-7,1E-44
0
0
0
0
0
0
-0,41246837
0
7,1E-44
0
0
0
0
0
0
0
7,1E-44
0
0
-7,1E-44
-7,1E-44
7,1E-44
0
-7,1E-44
0,21332973
0
-0,11967465
0,25242746
-0,1265178
7,1E-44
-0,073137164
7,1E-44
0
0
0
0
0,42912078
-0,44878674
0
0
0
0
0
-7,1E-44
7,1E-44
0,078199625
0
-7,1E-44
0,27840734
0
-7,1E-44
7,1E-44
0
0
0,071630836
0
-0,24274603
0
0
0
0
0,107189834
0
0,45904434
-0,2197175
0
0
0
0
0
0
0,38506895
0
0,49870288
0
0
0,295408
0
-0,45105213
0
0
0
0
0
0
0
0
0
0
0
0
0
0
0
0
0
0
0
0,20565218
0
-0,184986
0
0,17943048
0
0
0
0
0,48467565
0
0
0
0
0
0
0
0
0
0
0
-0,26129264
0
0
0,058888555
0
0
0
0
0
0
0
0
0
0
0
0
0
0
0
0
0
0
-0,18039656
0
0
0
0
0
0
0
0,25355774
0
0
0
0
-0,13159317
0
0
0
0
0
0
0
0
0
0
0
0
0,13645017
0
0
0
0
0
0,21933609
0
0
0
0
0
0
0,2986166
0
0
0
0
0
0
0
0
0
0
0
0,38513315
0,18702811
0
0
0
0
0
0
-0,04858339
-0,017036825
0
0
0,4750495
0
0
0
0
0,2834189
0
0
0
0
0
0
0
0
0
7,1E-44
0
0
0,45361233
0
0
0,34202492
0
-7,1E-44
0
0,07548863
0
0
0
0
0
0
0
0
0
-0,22540793
0
0
0
0
0
0
0
0,22174847
0
0
0
0
0,17752713
-0,47762778
0
0
0
0
0
0
0
0,16465914
0,3273328
0
0
0,21649814
0,065994084
0
0
7,1E-44
0
0
0
0
0
0
0
0
0
0
0
0
7,1E-44
0
0
0
0
0
0
0
0
0
0
0
0
0
0
0
0
0
0
0
0
-7,1E-44
0
-0,18960929
7,1E-44
0
0
0
0
-0,48265502
-0,13533786
-0,0871661
0
0
0
0
