60
125
-0,1741536
-0,4191246
0
0
-0,2623508
0
0,024451315
-0,27060688
0
0
-0,1454778
-0,16326466
-0,06763762
0
0
0,46988922
0
7,1E-44
-0,36330312
7,1E-44
-0,4698218
0
0
0
0
0
0
0,16897172
0
0
0
0
0,052974105
0
0
0
0
-0,41555628
0
0
0
0
0
0
0
0
0
0
0
0,256284
0
0
0
0
0
0
0
0
0
0
0
0
0
0
0
0
0
0
-7,1E-44
0
0
-7,1E-44
0
0,42825717
0
-0,40784198
7,1E-44
0
0,23363596
7,1E-44
0
0
0,22849339
-7,1E-44
0
0
0,3553394
0
0,39269197
-0,21411654
0
0
0
-7,1E-44
-2,86E-43
0
0
0
0
0,34072828
-0,19423327
0
0,2382822
-7,1E-44
0
0
-2,86E-43
0,3549348
0
0
-0,39286163
0
0
-7,1E-44
0
0
0,05956441
0,0111956
0
0
-2,14E-43
-1,43E-43
-7,1E-44
-7,1E-44
-0,30293405
-7,1E-44
-7,1E-44
0
0,47053647
-1,43E-43
-1,43E-43
-2,14E-43
0
0,29865795
-7,1E-44
-1,43E-43
-0,02800417
-2,14E-43
-1,43E-43
-2,14E-43
0
-2,14E-43
0
-7,1E-44
0
-7,1E-44
-2,14E-43
-2,14E-43
-1,43E-43
-7,1E-44
-1,43E-43
-2,14E-43
-7,1E-44
-1,43E-43
-7,1E-44
-2,14E-43
0
0,2358017
-7,1E-44
0
0
0,22517389
-1,43E-43
-2,14E-43
-1,43E-43
-7,1E-44
-2,14E-43
-7,1E-44
-7,1E-44
-1,43E-43
-1,43E-43
-1,43E-43
-1,43E-43
-0,2981314
0,07933837
0
0
-7,1E-44
0,41490364
-7,1E-44
0
0
0
0
0
-7,1E-44
0
0
-7,1E-44
-7,1E-44
7,1E-44
-7,1E-44
-0,21171194
0
-7,1E-44
0
7,1E-44
-7,1E-44
0
0,0027885437
0
0,48858392
0
0,37024856
-7,1E-44
-0,3176703
0
0,13155979
-7,1E-44
0
-0,33780366
-0,28899747
0
-7,1E-44
0
-7,1E-44
0
7,1E-44
-0,4190846
0
0
0
0
0,49857563
0
0
-7,1E-44
0
0
7,1E-44
0
0
0
-7,1E-44
-7,1E-44
0,3044284
-7,1E-44
-7,1E-44
0,18199867
0
1,43E-43
1,43E-43
7,1E-44
0
0
1,43E-43
7,1E-44
0
7,1E-44
0
0
-0,0072898567
0
0
-0,12985188
0
-0,3978227
7,1E-44
0,24045062
7,1E-44
1,43E-43
0
0
0
-0,04573694
0
1,43E-43
7,1E-44
7,1E-44
0
7,1E-44
0,057388663
7,1E-44
-0,28058818
0
0
0
0
7,1E-44
0
7,1E-44
0
0
7,1E-44
0
-0,45565265
7,1E-44
7,1E-44
7,1E-44
7,1E-44
0,2480194
7,1E-44
0,1683985
1,43E-43
0
7,1E-44
0
0
0
0
-7,1E-44
0
-0,15482476
-0,09982595
0
0
-7,1E-44
0
-0,42304304
-1,43E-43
0
0
0
7,1E-44
-0,14951551
-7,1E-44
-7,1E-44
0,079928875
0
0
-7,1E-44
0
0
0
0
0
-7,1E-44
0,22613621
-2,14E-43
0
0
-7,1E-44
0
0
0
-7,1E-44
-0,37405795
0
0
0,4835987
-7,1E-44
0
0
-7,1E-44
0
-1,43E-43
0
0,28532088
0
0
0
0
0
0
-7,1E-44
0
-7,1E-44
0,34828788
0
0
0
0
0
0
0
0
-0,17968804
0
-0,28167588
-7,1E-44
0,34404105
-7,1E-44
0
-1,43E-43
-0,33015192
-0,48573792
-7,1E-44
-1,43E-43
0
0
-0,23569962
-7,1E-44
0
0
0,20977873
0,2940492
0,2631734
0
-1,43E-43
0
0
0,046784997
0,1725359
-7,1E-44
0
-0,10616222
0,32996237
0
-7,1E-44
-7,1E-44
0
0
0
0
0
-7,1E-44
0
-1,43E-43
-7,1E-44
0
0
0
0
-7,1E-44
-1,43E-43
0
0,18922162
-1,43E-43
0
0
0
0
-0,2598307
0
0
0
0
-0,26661038
7,1E-44
-0,41706082
0
7,1E-44
0
0
0
0
0
1,43E-43
0
0
0
0
0
7,1E-44
0
0
0
0
0
0
0
7,1E-44
0
7,1E-44
0
0
0
0
0
0
0
0
0
7,1E-44
0
0
-0,20536545
0
-0,009897709
0,122015595
0
0
0
7,1E-44
7,1E-44
-0,17408639
-0,08712834
0
0
0
7,1E-44
0
1,43E-43
0,43994522
0
-0,244524
7,1E-44
1,43E-43
7,1E-44
-0,386756
1,43E-43
7,1E-44
0
0
1,43E-43
1,43E-43
7,1E-44
0,3086574
7,1E-44
7,1E-44
0,18075943
1,43E-43
0
7,1E-44
7,1E-44
0
0
1,43E-43
2,14E-43
0
0,29483062
7,1E-44
7,1E-44
-0,14528742
0
1,43E-43
0
7,1E-44
1,43E-43
0
0
2,14E-43
1,43E-43
1,43E-43
7,1E-44
-0,3640585
2,14E-43
2,14E-43
-7,1E-44
-0,3053215
7,1E-44
7,1E-44
0
0
7,1E-44
0
0
-0,35210937
-0,03644809
-0,36165714
-0,4764905
7,1E-44
7,1E-44
7,1E-44
7,1E-44
-0,05612582
0
-1,43E-43
7,1E-44
0
-7,1E-44
0
7,1E-44
0
-7,1E-44
0
7,1E-44
2,14E-43
0
7,1E-44
1,43E-43
7,1E-44
-0,40626153
0
7,1E-44
0,4540527
1,43E-43
7,1E-44
-1,43E-43
0,25354165
-0,43597066
-0,48165512
-0,15491018
-1,43E-43
0
-1,43E-43
0
1,43E-43
-1,43E-43
0
-0,39914063
-1,43E-43
7,1E-44
1,43E-43
0
0
-7,1E-44
-1,43E-43
7,1E-44
0,2598908
1,43E-43
-1,43E-43
0
7,1E-44
0
7,1E-44
0,30577672
1,43E-43
7,1E-44
0
-0,25080365
-0,32496423
0,3781172
0
7,1E-44
2,86E-43
0
0,2201674
-0,06934664
0,402506
0
7,1E-44
-0,012497753
3,57E-43
0
-0,2073597
0
7,1E-44
2,86E-43
0,32716376
0
0,0113758445
-0,14873472
0
7,1E-44
0
7,1E-44
0
7,1E-44
0,34407532
0
0
0
7,1E-44
3,57E-43
-0,16196945
0
7,1E-44
7,1E-44
0
0
3,57E-43
0
-0,28931552
1,43E-43
0,4593917
3,57E-43
0
-0,10940048
7,1E-44
0,06180638
0
-0,014720142
0,41555905
0
0
0
4,29E-43
0
-0,020865232
1,43E-43
3,57E-43
0
-0,1965577
2,14E-43
-0,44194523
0
7,1E-44
7,1E-44
7,1E-44
2,86E-43
7,1E-44
2,86E-43
0,28939056
-0,3686548
7,1E-44
1,43E-43
0
1,43E-43
1,43E-43
2,86E-43
7,1E-44
0,3910492
2,14E-43
-7,1E-44
1,43E-43
2,14E-43
7,1E-44
7,1E-44
1,43E-43
7,1E-44
2,86E-43
0
-0,18800941
0
1,43E-43
0,17355883
2,86E-43
-7,1E-44
7,1E-44
-0,040682256
-0,13905841
2,14E-43
7,1E-44
7,1E-44
2,86E-43
-7,1E-44
0
7,1E-44
2,14E-43
7,1E-44
2,86E-43
0
3,57E-43
0,41263103
2,86E-43
0
0
-0,16292956
7,1E-44
0
0
0,12606406
0,30595857
0
0
0
-0,49015296
0
0
0
0
-0,19670132
-7,1E-44
0
0
7,1E-44
0,254987
0
0
0
0
0,30243796
0
0
0,08300519
-0,24120739
0
0
0,19621503
0
-0,4902403
0
0
0,2226035
0
0
7,1E-44
0
0
0
0
0
0
0
-0,3619984
0
0
0
0,37035298
0
0
0
0
0
0
0
0
7,1E-44
0
0
0
0
0
2,14E-43
0
0
-0,47105518
0
0
2,14E-43
-0,38105056
0
-1,43E-43
2,14E-43
0
0
-0,1128993
-0,07461557
0
0
-0,29552507
0
2,14E-43
0
0
0
-0,32143116
2,14E-43
0,167507
0
2,14E-43
0
-7,1E-44
0
-7,1E-44
0
0
-7,1E-44
-7,1E-44
0
0
0
0
0,009435654
2,14E-43
-7,1E-44
-7,1E-44
0
0
0
0
0
-0,2649734
0
2,14E-43
0
-1,43E-43
0
0
7,1E-44
0
-0,40122074
0
7,1E-44
-0,31480587
-0,19773254
0,24353504
0
0
0,008878887
7,1E-44
-0,23498231
1,43E-43
0
0
-0,061122596
7,1E-44
0
0
0
0
0,40512753
0
7,1E-44
0
0
0,49288648
0
0,1376878
0
-0,112163156
0
7,1E-44
7,1E-44
7,1E-44
0
0
7,1E-44
7,1E-44
0,36566097
0
0
0
0
0
7,1E-44
-0,16905099
0
7,1E-44
7,1E-44
0
0
0
0
0
0,25678635
1,43E-43
0
0
7,1E-44
7,1E-44
7,1E-44
0
0,09474218
-0,32803422
0
0
-7,1E-44
-7,1E-44
0
0
0,11687398
-0,39778244
0
-7,1E-44
-7,1E-44
-0,068223834
0
0
0
7,1E-44
7,1E-44
0
7,1E-44
0
-7,1E-44
-7,1E-44
-7,1E-44
0
0
-7,1E-44
0,3072663
0,29754817
0
0
0
-0,44600624
0
0
0
7,1E-44
0
0
7,1E-44
-7,1E-44
0
-7,1E-44
-0,0025275648
0
0
0
0
0
-7,1E-44
0
0
7,1E-44
0
0
-7,1E-44
-2,86E-43
0
0
0,23163718
-2,86E-43
7,1E-44
0
-0,15615806
7,1E-44
0
-1,43E-43
-0,13756385
-2,86E-43
7,1E-44
-2,86E-43
0
-7,1E-44
-2,86E-43
0
-2,86E-43
0,41503018
-2,86E-43
0
-2,86E-43
-0,19812268
0
0
7,1E-44
-2,86E-43
0
-2,86E-43
0
-1,43E-43
-3,57E-43
0
0
0,39672577
-0,3121758
0
-2,86E-43
-2,86E-43
0
0
0
0,08496672
-3,57E-43
0
0,32010317
-7,1E-44
-0,056092024
0
0
-7,1E-44
-7,1E-44
-2,86E-43
7,1E-44
-2,86E-43
-0,05350125
0
0
0
0
0
0
0
0,18765897
0
0
0,48517597
0
0
0,046569407
0
0
0
-0,0027039647
0
0
0
0
0
0,206581
0
0
0
0
0
0
-0,42188454
0
-0,40959013
-0,023724914
0
0
0
0
0,13177788
0
0
0
0,4923097
0
0,45953357
0
0
0
0
0
0
0
0
0
-0,054182738
0
0
0
0
0
0
0
0
0,03607583
0
0
0
0
0
-7,1E-44
0
0
0
0
0,07498145
0
-0,0726074
0
-7,1E-44
-7,1E-44
0
0
0
0
0,045107543
0
0
0,47840494
0
0
-7,1E-44
0
0
0
-0,45962307
0
-0,45667166
0
0,46837908
-7,1E-44
-7,1E-44
0
0,2708388
0
0
0
-0,28659487
0,006555259
-7,1E-44
0
-0,22420356
0
0
0
0,16635954
0
0
0
-7,1E-44
0
0
7,1E-44
0
0
-0,09376812
2,14E-43
7,1E-44
0
0
0,46867204
0
2,86E-43
0
0,123404205
0
2,86E-43
0
-0,46656072
7,1E-44
0
0
-0,3305804
0
0
-0,27864572
0
0
7,1E-44
7,1E-44
2,14E-43
0
0,20716459
2,86E-43
7,1E-44
0
0
0
0
0,37133366
0
0
0,13436413
0,36749393
0
0
0
2,14E-43
0,15852737
0
7,1E-44
7,1E-44
7,1E-44
7,1E-44
0
2,14E-43
0
2,86E-43
0
0,3970515
7,1E-44
0
0
0
0
0
0
0
-7,1E-44
-1,43E-43
-0,36586326
0
-1,43E-43
0
0
7,1E-44
0,30232108
0
0
7,1E-44
-7,1E-44
0
0
0
-0,09297842
0
0
0
0
0
-2,14E-43
-0,14267185
0,12986833
0
0
-1,43E-43
0
-1,43E-43
0
0,4800688
-7,1E-44
7,1E-44
0
-1,43E-43
0,13749868
0
0
0
-1,43E-43
-1,43E-43
0
0
0
-1,43E-43
0,1793508
0
0
0
0
-0,47036037
0
0
-7,1E-44
0
-7,1E-44
-0,39747417
2,14E-43
0
-0,047869176
0
-0,32165903
-0,12224984
2,14E-43
-0,30956006
0
0
2,14E-43
0
0
-7,1E-44
-7,1E-44
0
0
-7,1E-44
0
2,14E-43
-7,1E-44
0
0
0
1,43E-43
0
0
2,14E-43
0
-0,035299152
0
0
0
-7,1E-44
0
0
0
-7,1E-44
-0,21671247
-7,1E-44
0
2,14E-43
0
-7,1E-44
-0,015291452
0
0
0
0
2,14E-43
0
2,14E-43
-0,39775562
-7,1E-44
0
0
0
0
0,036014736
0
0
-0,24928263
0
0
0
0
0
0
0
0
0
0
0
0
0
-7,1E-44
-0,40963995
0,37655723
0
0
0
0
0
0
0
0
0
0
0
0
0
0
0
0
0,3170479
0
0
0
0
-0,27499783
0
0
0
-0,23733819
0
0,033118546
0
0
0
0,06600219
0
0
0
0
0
0
1,43E-43
0
0
0,41994804
-7,1E-44
0
0
0,014600217
-7,1E-44
0
7,1E-44
-7,1E-44
-7,1E-44
-0,0646258
7,1E-44
0
7,1E-44
-7,1E-44
-2,86E-43
0
-7,1E-44
-0,05691299
0,19841641
-0,45733216
0
0
0
7,1E-44
-0,071584314
0
7,1E-44
0
0,39860135
-7,1E-44
-2,86E-43
0
-0,29940182
7,1E-44
0,34409595
0
0
0
-7,1E-44
0
0
0
-2,86E-43
0
0
7,1E-44
7,1E-44
-0,056262404
0
-7,1E-44
-7,1E-44
0
-0,1133461
0,01462847
7,1E-44
0
7,1E-44
-0,15815952
0
0,21991783
0
-1,43E-43
-0,13453504
0
-7,1E-44
0
0
0,15861547
-7,1E-44
0
0
0,27998638
7,1E-44
-2,86E-43
7,1E-44
0
0
0
-7,1E-44
0
-7,1E-44
0
-7,1E-44
7,1E-44
7,1E-44
0
0
-7,1E-44
0
-7,1E-44
0
-0,123175025
0,07405144
-0,10224694
7,1E-44
0
7,1E-44
-0,17089549
0,37126398
-7,1E-44
0
0,3712743
-7,1E-44
7,1E-44
-7,1E-44
0
0
0
0
-0,07327491
-7,1E-44
0
-0,31837744
-1,43E-43
0
0
0
0
0
0
0
0
0
0
7,1E-44
-0,14858776
0,27259916
7,1E-44
0
0,45984554
0
0
0
0
0
0
0,13912028
0
0,26680946
7,1E-44
0
0
0
0
-0,12510976
0
0
7,1E-44
0
7,1E-44
0
0
0
-7,1E-44
0
0
0
0
-0,36077642
7,1E-44
0
-0,27522862
0,28024715
0
0
0
0
0
0
7,1E-44
7,1E-44
0
0
-7,1E-44
0
0
0
0
7,1E-44
0
0
0
-0,2882557
1,43E-43
0
7,1E-44
-7,1E-44
7,1E-44
0
7,1E-44
1,43E-43
0
-0,26467898
7,1E-44
-7,1E-44
0
0
-0,037640214
-0,018256038
-0,38890076
7,1E-44
0
-0,34681377
-7,1E-44
-0,12526554
-7,1E-44
0
0
7,1E-44
7,1E-44
0,40375197
1,43E-43
0
-7,1E-44
0,02841413
0
-0,43704587
0
0,49541163
0
0
0
2,86E-43
1,43E-43
7,1E-44
-7,1E-44
-7,1E-44
0
-0,23008853
-7,1E-44
0
0,18993956
-0,22209218
1,43E-43
-7,1E-44
0
0
0,29597795
0
-0,41641963
0
0
0
-0,32347542
-0,2846703
0
0,18815523
0
0
0
0
0,29871893
0
0
0
0
0
0
0
0
0
0
0
0
-0,43068963
0
0
0
0,27617812
0
0
0
0
0
0
0
0
0,06650472
0
0
0
0
0
0
0
0
-0,4023951
-0,40160504
0
0
0
0
0
0
0
0
0
-7,1E-44
0,42279577
-7,1E-44
-7,1E-44
-0,07748574
-7,1E-44
-1,43E-43
0,13090253
-1,43E-43
-7,1E-44
-1,43E-43
-7,1E-44
-1,43E-43
0
-1,43E-43
0,2584589
-1,43E-43
7,1E-44
7,1E-44
-0,28828737
-7,1E-44
-7,1E-44
2,14E-43
-1,43E-43
0
-7,1E-44
-7,1E-44
-3,57E-43
0
-7,1E-44
7,1E-44
-7,1E-44
-2,14E-43
-1,43E-43
-2,86E-43
-7,1E-44
-1,43E-43
-2,14E-43
0
0
-2,14E-43
-1,43E-43
-1,43E-43
-7,1E-44
-0,47508267
-2,14E-43
-2,14E-43
-1,43E-43
7,1E-44
-7,1E-44
-1,43E-43
-0,06266904
1,43E-43
0
1,43E-43
-7,1E-44
-3,57E-43
-7,1E-44
0
0,38802218
0
0
0
-7,1E-44
-7,1E-44
-1,43E-43
0
-7,1E-44
-7,1E-44
0
0
0
2,14E-43
0
-7,1E-44
-0,026826799
0
2,14E-43
7,1E-44
0
0
0
0
-7,1E-44
0
-7,1E-44
-7,1E-44
-1,43E-43
2,14E-43
-7,1E-44
-7,1E-44
0
0
2,86E-43
0
0
0
-7,1E-44
-7,1E-44
0
0
0
-7,1E-44
-0,34376717
0,11368853
2,86E-43
-2,14E-43
0
-0,0031982064
-7,1E-44
0
0
0
0,3847854
0,10597825
0
0,0957697
0
0
2,14E-43
1,43E-43
1,43E-43
0
1,43E-43
0,36803323
7,1E-44
0,2562253
2,14E-43
7,1E-44
7,1E-44
1,43E-43
7,1E-44
1,43E-43
0
1,43E-43
1,43E-43
2,14E-43
1,43E-43
7,1E-44
0,43529695
2,86E-43
-0,32577652
1,43E-43
7,1E-44
7,1E-44
1,43E-43
2,14E-43
7,1E-44
-0,16662368
0
-0,10930163
7,1E-44
1,43E-43
7,1E-44
7,1E-44
0
1,43E-43
0
0
0,34752852
7,1E-44
1,43E-43
0,091986954
1,43E-43
7,1E-44
2,14E-43
7,1E-44
7,1E-44
1,43E-43
0,15160245
0
0
1,43E-43
1,43E-43
0
0,2165578
2,14E-43
7,1E-44
0,38512987
0
-7,1E-44
0
0
-0,21479714
0
0
1,43E-43
-7,1E-44
0
1,43E-43
0
-7,1E-44
-7,1E-44
7,1E-44
0
0,26666737
7,1E-44
-7,1E-44
0
0
-7,1E-44
0
-7,1E-44
-0,47691187
-7,1E-44
-7,1E-44
0,21633118
1,43E-43
-7,1E-44
0
0
0
-0,30304897
0,27248275
0
-0,43645507
7,1E-44
1,43E-43
0
0
2,14E-43
-7,1E-44
-7,1E-44
0,4756322
-0,33419618
-0,17563716
1,43E-43
0,45050615
0
0
0
0
-7,1E-44
0
0
0,46501333
0
0
0
-7,1E-44
0
0
0
0
-7,1E-44
-7,1E-44
1,43E-43
-7,1E-44
-7,1E-44
0,15519643
0
0
0,42802548
1,43E-43
0
-7,1E-44
-7,1E-44
-0,27835092
-7,1E-44
-7,1E-44
-7,1E-44
-7,1E-44
0
0
0
0,13274896
0,30940968
7,1E-44
0
-7,1E-44
0
-7,1E-44
1,43E-43
-0,26404673
0
0
-7,1E-44
1,43E-43
0
-7,1E-44
1,43E-43
0
0
-7,1E-44
0
1,43E-43
0,045855224
-7,1E-44
-7,1E-44
0
-7,1E-44
-0,11444318
0
-7,1E-44
-0,039316624
0
0
-7,1E-44
0
0
-0,28539756
0
0
7,1E-44
0
7,1E-44
0
0
0,0074490905
-2,14E-43
7,1E-44
7,1E-44
7,1E-44
-2,14E-43
7,1E-44
7,1E-44
0
0,12201792
0
1,43E-43
-7,1E-44
0
-2,14E-43
0
0
0
7,1E-44
1,43E-43
0
-7,1E-44
-1,43E-43
0
7,1E-44
0
0,05994433
0
0
0
0
-0,22994745
0
-0,03969139
0
-7,1E-44
7,1E-44
7,1E-44
1,43E-43
0
0
0
-0,00078475475
-0,17766282
-2,14E-43
0
-2,14E-43
-0,03162107
-0,022225529
-0,46616712
0
7,1E-44
0
0
0
0
0
0
0
0
0
0
0
0
0
0
0
0
-0,105470836
0,32402158
0
0
0
-0,106606364
0
7,1E-44
-0,4645372
0
0
0
0
0
0
0
-0,23486587
0,4759131
0
0,41731548
7,1E-44
-0,48289657
0
0,46967304
0,4243443
0
0
0
0
0
0
0
0,32764393
0
0
0
-0,38734752
0
0
0
7,1E-44
0
0,28341287
0
-0,4751389
0
0
0
0,25607032
0
-1,43E-43
0
-0,2475197
0
7,1E-44
0
0,07746142
-1,43E-43
7,1E-44
7,1E-44
0
0
0,47156483
0
0
0
0
0,47688425
0
-7,1E-44
0
-7,1E-44
0
-0,44424698
7,1E-44
0
-0,2636317
0
7,1E-44
0
0
-2,14E-43
0
0
0,1312626
0,10947108
0
0
0,31393707
-7,1E-44
-7,1E-44
-0,0928916
-7,1E-44
0
0
0
-7,1E-44
7,1E-44
0
0
7,1E-44
0
0
7,1E-44
-0,223097
0
0
0
0,1277259
0
0
0
0
0
0
0
0
0
0
0
-0,20573908
0
0
0
0
0
0
0,31440884
0
-0,37791392
0
0
0
0,4270289
0
0
0
0
-0,29888415
-0,0028065145
-0,08398104
0
0
-0,4937013
-0,18833876
0,16704679
0
0,35749066
0
0
0
7,1E-44
-0,35047606
0
7,1E-44
0
0
0
0
0,18931687
0,26452506
-0,32389265
0
0
0
0
-0,38622868
0
0
0
-1,43E-43
7,1E-44
0
-1,43E-43
0
0
7,1E-44
-1,43E-43
0
0,37969965
0
0,29981798
0,32811767
0
0
0
0
0,35804224
0,47831112
0
0
-1,43E-43
7,1E-44
0
0
0
-1,43E-43
-0,1937353
0
0,3164863
0
-1,43E-43
0
0
-1,43E-43
0
0
0
0
-1,43E-43
-1,43E-43
0
0
0
0
0
7,1E-44
0
0
0
0
-0,13356301
0
-7,1E-44
0
0
-0,36099133
0
-7,1E-44
-7,1E-44
0
0
0
0
0
0
0
0
0
0
-7,1E-44
0
-7,1E-44
0
-7,1E-44
0
0,2730953
0
0
0
0
0
0
-7,1E-44
0
-0,42018953
0
0
0
0
0
0
0
-0,010855585
0
-7,1E-44
-0,07919353
0
0
-7,1E-44
0
0
0
-7,1E-44
-0,44294137
0,42863482
0,1038394
0
0
-0,47390944
0
0
0
7,1E-44
0
-0,031064808
0
0
0
7,1E-44
0
7,1E-44
7,1E-44
7,1E-44
7,1E-44
0
0
7,1E-44
7,1E-44
1,43E-43
0
0
7,1E-44
0
7,1E-44
0
7,1E-44
0
0
0,42118233
0,058312714
7,1E-44
0
7,1E-44
0,1227085
7,1E-44
0
0
0
0
7,1E-44
0
0,42451924
0
0
0,3027466
-0,40642518
0
7,1E-44
7,1E-44
7,1E-44
0
7,1E-44
1,43E-43
0
0
0
7,1E-44
0
0
0,2532003
-0,20243025
0
-7,1E-44
-7,1E-44
0,028589249
0
0
-7,1E-44
0
0
0
0
0
7,1E-44
-7,1E-44
-7,1E-44
-7,1E-44
0
-0,24131635
7,1E-44
-7,1E-44
0
0
0
0,4651568
0
0
-0,29277372
-1,43E-43
-0,21641466
0
-7,1E-44
0
7,1E-44
0
7,1E-44
0
0
0
0
-7,1E-44
-7,1E-44
0
0
0
0
0
-7,1E-44
0
-7,1E-44
0
-7,1E-44
0
0
0
0
7,1E-44
0
0
-7,1E-44
0
0
0
-0,1565896
0
0,42409104
0,21924222
0
0
-0,24727935
-0,39713162
0,20390922
0
0
0
0
0
0,10472441
0,27519643
0
0
-0,39891016
0
0
0
0
0,025858343
0,0414865
0
0
0
0
0
0
0
0,0592196
0
0
0
0
0
0
0
0
0
0
0
0,23007315
0
0
0
0,020348191
0
0
0
0,3811344
0
0
0
0
0,11811364
0
0,38843352
0
0
0,11240041
-0,45955968
7,1E-44
0
0
7,1E-44
0,35243964
7,1E-44
0
-0,104828596
0
-7,1E-44
-7,1E-44
0
0
7,1E-44
7,1E-44
0
7,1E-44
7,1E-44
0
0
0,40709502
7,1E-44
7,1E-44
-0,08988947
-0,2592054
7,1E-44
-1,43E-43
0
0
0
-0,18232498
0
0,25946033
0
0
0
0
0
0
-0,42018133
0
0,30095172
-0,16630602
0
7,1E-44
0
7,1E-44
-0,17334786
7,1E-44
0
0
-7,1E-44
-7,1E-44
7,1E-44
0,3354844
2,14E-43
0,47532636
2,14E-43
7,1E-44
-3,57E-43
-2,86E-43
0
0
-0,281718
7,1E-44
7,1E-44
7,1E-44
0
-2,86E-43
-0,24960494
1,43E-43
-0,105944425
1,43E-43
-1,43E-43
1,43E-43
-2,86E-43
-0,27690554
0,17860049
0,13272268
-1,43E-43
7,1E-44
7,1E-44
1,43E-43
0,45061713
-2,86E-43
7,1E-44
7,1E-44
0,027547598
0
-2,86E-43
1,43E-43
0
7,1E-44
-7,1E-44
-7,1E-44
-2,86E-43
-2,14E-43
2,14E-43
2,14E-43
1,43E-43
-2,14E-43
-1,43E-43
0
0
-7,1E-44
7,1E-44
7,1E-44
7,1E-44
7,1E-44
0,22213042
7,1E-44
0
-2,86E-43
7,1E-44
0,30759734
-0,20613489
0
-0,27737337
-0,3346926
0
0
0
0
0
0,08750373
0
0
0
0,16861582
0
0
-0,47102466
7,1E-44
0
0
0
0
0
0
0
0
0
0
0
0
0
0
0,32483035
0,41842926
0
0,047159612
0,065939784
-0,10124773
0
0
0
0
-0,4043979
0,003380835
0
0
0
0
0
0
0
0,32707274
0
0,02619934
0
0
0
7,1E-44
0,39575535
0
1,43E-43
7,1E-44
-0,3317358
7,1E-44
7,1E-44
0
7,1E-44
0
0
-0,4344743
0
2,14E-43
0,45008135
0,24993879
0
7,1E-44
7,1E-44
1,43E-43
-2,86E-43
7,1E-44
0
1,43E-43
7,1E-44
0
1,43E-43
0
1,43E-43
7,1E-44
1,43E-43
-3,57E-43
7,1E-44
7,1E-44
0
1,43E-43
-2,14E-43
1,43E-43
0
7,1E-44
0
0
0
7,1E-44
7,1E-44
1,43E-43
7,1E-44
7,1E-44
0,4675541
1,43E-43
0
7,1E-44
-0,17458254
-0,10842353
-0,14523014
0,1471709
7,1E-44
7,1E-44
0
-1,43E-43
0
0
-1,43E-43
-1,43E-43
0
0
-0,10580221
-1,43E-43
-7,1E-44
0
-1,43E-43
0
0
-7,1E-44
-7,1E-44
-0,29510695
-7,1E-44
0
-7,1E-44
-1,43E-43
-1,43E-43
-1,43E-43
-7,1E-44
-7,1E-44
-0,13044775
-7,1E-44
-7,1E-44
0,1911869
-2,14E-43
0
0
-1,43E-43
-0,4112022
0
0
0
0
0
-7,1E-44
0
-7,1E-44
0
0
0
-1,43E-43
-7,1E-44
0
0
-7,1E-44
0
0,16944563
-7,1E-44
-7,1E-44
-7,1E-44
0
-2,14E-43
0
0
0
-0,18610632
0
-0,13849154
1,43E-43
7,1E-44
7,1E-44
7,1E-44
7,1E-44
-0,38220263
7,1E-44
0
1,43E-43
7,1E-44
0
7,1E-44
0
1,43E-43
7,1E-44
-0,12591317
2,86E-43
0
7,1E-44
7,1E-44
0
7,1E-44
7,1E-44
-0,06142807
7,1E-44
7,1E-44
0,23425806
7,1E-44
1,43E-43
7,1E-44
7,1E-44
7,1E-44
0
0
0,0939011
1,43E-43
-0,03509617
0,45903695
0
0
0
0
1,43E-43
1,43E-43
0
7,1E-44
1,43E-43
-0,060013235
0
7,1E-44
0
7,1E-44
0
7,1E-44
7,1E-44
7,1E-44
0
7,1E-44
7,1E-44
0
0,13468665
0
0
0
-0,49188507
0
0
0
0
0
0
0
7,1E-44
0
0
0
0,34411836
0
0
0
0
-0,2061323
0
-0,21591598
0
0
7,1E-44
0
0,32141054
0
0
0
0,10702455
-0,09627411
0,3859111
0
0
0
-0,32388026
0
0
0
0
0
0
0
0
0
0
0
0
0
0
0
0
0
0
7,1E-44
0
0
-0,24009201
1,43E-43
-7,1E-44
0
0
7,1E-44
0
1,43E-43
1,43E-43
-7,1E-44
0
0
0
7,1E-44
7,1E-44
0
7,1E-44
0
-0,38128376
0
0
0
0
-0,1429384
-7,1E-44
7,1E-44
0
0,20425296
0,23338121
7,1E-44
7,1E-44
0
7,1E-44
0
0
-7,1E-44
0
-7,1E-44
2,14E-43
0
0
-0,06334451
0
0
0
0
2,14E-43
1,43E-43
0
0
0
7,1E-44
0
1,43E-43
0
7,1E-44
-7,1E-44
-1,43E-43
0,34094948
0
0
7,1E-44
-7,1E-44
-7,1E-44
0,34629053
0
0
1,43E-43
0
0
-7,1E-44
0
0
0,3496366
-7,1E-44
0
0
-1,43E-43
0,10298717
0
-7,1E-44
7,1E-44
0
-2,14E-43
-1,43E-43
7,1E-44
-7,1E-44
0
-0,013994604
3,57E-43
-7,1E-44
-2,14E-43
-7,1E-44
1,43E-43
2,86E-43
1,43E-43
0
0
1,43E-43
0,066458285
0
1,43E-43
0
0
-0,34553766
7,1E-44
4,29E-43
7,1E-44
-0,35596988
0
-7,1E-44
7,1E-44
0
-1,43E-43
0,34588987
-2,86E-43
-0,43587166
2,14E-43
0
0
-0,39123708
0
-0,14133891
0
-0,0068267584
0,07050115
-0,2617947
-1,43E-43
0
-7,1E-44
-7,1E-44
0
0
-7,1E-44
-1,43E-43
0
7,1E-44
0,4630164
0
0,48992246
0
0,23453063
0
0
0
0
0,38424057
7,1E-44
-2,14E-43
0
-0,16159633
0
0
-1,43E-43
0,4757346
-7,1E-44
0
7,1E-44
-1,43E-43
0
0
0,20492291
0
0
0
0
-1,43E-43
-1,43E-43
-7,1E-44
7,1E-44
7,1E-44
0,46841663
0,476516
0
0
0
-0,46488345
-7,1E-44
7,1E-44
0,13219053
0
-1,43E-43
-7,1E-44
-7,1E-44
-1,43E-43
-2,86E-43
-7,1E-44
0
-1,43E-43
-7,1E-44
7,1E-44
-7,1E-44
-1,43E-43
-2,14E-43
-7,1E-44
-7,1E-44
-0,4850186
0,13138658
-2,86E-43
0
-0,22961554
-0,03983873
-7,1E-44
-7,1E-44
-2,86E-43
-7,1E-44
0,17798316
7,1E-44
0
0,3416481
-7,1E-44
-1,43E-43
-1,43E-43
-7,1E-44
-2,86E-43
-7,1E-44
-1,43E-43
0,056843817
-7,1E-44
-7,1E-44
0,40342265
-0,47574884
-0,45719406
-1,43E-43
-7,1E-44
0
-4,29E-43
-0,19191664
-0,025177985
-7,1E-44
-7,1E-44
-7,1E-44
0
-1,43E-43
-0,15254918
-7,1E-44
-7,1E-44
-2,14E-43
0
-7,1E-44
0,22229946
7,1E-44
0
0,39287668
-0,03706029
2,86E-43
0
0,20458204
0
0
0
0
7,1E-44
2,86E-43
0
0
0,14092606
0
2,86E-43
0,3239755
0,10624486
0
-0,19752619
0
0
0
-0,16576692
0
0
-0,11312726
0
0
0
0
2,86E-43
0
0
-7,1E-44
7,1E-44
0
0
2,86E-43
0
-0,026934683
0
0
2,86E-43
0
0
0
0
0
0
7,1E-44
0
-0,2403447
0
2,86E-43
0,2552958
0
0,4943961
0,09796387
0
0
-7,1E-44
-7,1E-44
-0,15093198
0
-0,29755586
0
0
-7,1E-44
-7,1E-44
-1,43E-43
0
0
0,09637904
0
-0,29529375
7,1E-44
0,095217586
7,1E-44
0
0
-7,1E-44
0
0
0
0
-1,43E-43
-7,1E-44
0
0,42469698
-7,1E-44
0,3500902
0
-7,1E-44
0
-7,1E-44
0,2870143
0
0
0
0
-7,1E-44
0
0
-7,1E-44
0
-7,1E-44
-0,4108079
0
0
-1,43E-43
-0,14440069
0
0
0,034486294
0
0,25653827
0,27934217
0,15709335
7,1E-44
0
0
0
-0,4549489
-1,43E-43
-7,1E-44
0
0
7,1E-44
0
0,31906855
-1,43E-43
0
0
1,43E-43
0,33251274
0
0
7,1E-44
0,28349835
0
7,1E-44
-0,2308946
0
0
-1,43E-43
-0,21555933
0
0
0
7,1E-44
0
7,1E-44
0
7,1E-44
0,11020714
0,2850762
0
7,1E-44
-0,48807368
7,1E-44
0
0
-7,1E-44
-1,43E-43
0
-0,29734635
-0,34875795
0
0,32553738
-1,43E-43
0
0,36929625
0
1,43E-43
0
0
-2,14E-43
-1,43E-43
0
-0,17365989
0
-0,32603252
0,42155463
-0,12861124
-1,43E-43
-1,43E-43
-0,46166152
0
-7,1E-44
-0,23154286
0,29871267
-7,1E-44
-1,43E-43
-7,1E-44
0,36794102
0
0
-1,43E-43
-7,1E-44
0
-7,1E-44
0
-2,14E-43
-1,43E-43
-1,43E-43
-1,43E-43
0
-2,14E-43
0
0
0,28691047
0,023801148
0
-1,43E-43
-7,1E-44
-7,1E-44
0
-7,1E-44
0
-2,14E-43
0
0,47744203
0
0,1314767
-7,1E-44
-1,43E-43
-7,1E-44
0
0
-0,17724189
-7,1E-44
0
-7,1E-44
-2,14E-43
-7,1E-44
-0,45867488
0
1,43E-43
1,43E-43
0
0
0
0
1,43E-43
0,3029067
7,1E-44
1,43E-43
-7,1E-44
-0,47469732
7,1E-44
1,43E-43
0,089194596
7,1E-44
0,27060962
7,1E-44
7,1E-44
0
7,1E-44
0
1,43E-43
0,34969562
0
0
7,1E-44
2,14E-43
7,1E-44
0
0
0
7,1E-44
0
1,43E-43
0,1356005
0
2,14E-43
0
0
1,43E-43
0
7,1E-44
1,43E-43
7,1E-44
0,11755276
0,022843719
0
0
0
1,43E-43
0
7,1E-44
0,15149695
0,24561799
0
0
0
0,28312856
0
0
0
0
-7,1E-44
0
0,4195909
0,11837906
0
-7,1E-44
0
-7,1E-44
-7,1E-44
-2,14E-43
-7,1E-44
0
0
-7,1E-44
0,46239328
0
0
0
-0,13863274
0
0
0
-7,1E-44
0
-7,1E-44
0
0
-7,1E-44
0
-7,1E-44
-2,86E-43
-1,43E-43
0
0
-7,1E-44
-7,1E-44
0
0
0
0
0,3721019
0
-3,57E-43
-7,1E-44
-1,43E-43
0
0
0
0
0,109659374
0
0
-7,1E-44
-2,86E-43
0
0
2,14E-43
0
0
0
7,1E-44
7,1E-44
0
0
-0,15377459
0
7,1E-44
-0,14045325
0
1,43E-43
7,1E-44
7,1E-44
1,43E-43
7,1E-44
7,1E-44
1,43E-43
0
2,14E-43
-0,016411781
0
0
0
7,1E-44
7,1E-44
7,1E-44
0,2258535
7,1E-44
-0,14665747
0
7,1E-44
7,1E-44
-0,0670625
0
7,1E-44
0
0
-0,13272491
0
0
1,43E-43
0
0,30241138
7,1E-44
7,1E-44
7,1E-44
1,43E-43
-0,16671434
7,1E-44
0
7,1E-44
1,43E-43
-0,14475825
0
7,1E-44
7,1E-44
0
7,1E-44
2,14E-43
7,1E-44
0
1,43E-43
7,1E-44
0
0
1,43E-43
7,1E-44
0
1,43E-43
0
2,14E-43
7,1E-44
0
-0,21632347
2,86E-43
0
7,1E-44
7,1E-44
7,1E-44
0
7,1E-44
0,06499976
0
7,1E-44
0
7,1E-44
0
0
7,1E-44
1,43E-43
1,43E-43
7,1E-44
1,43E-43
7,1E-44
0
-0,32146028
7,1E-44
0
0
0
2,14E-43
0
0
2,14E-43
-0,042888016
0
7,1E-44
0,35908842
0
7,1E-44
7,1E-44
-0,4797467
-0,2843176
0,026848912
2,14E-43
7,1E-44
0
0
-7,1E-44
-0,23290494
0
0
-7,1E-44
-7,1E-44
0
-7,1E-44
0
0
0
0
0
0
0
0
0
-7,1E-44
0
-1,43E-43
7,1E-44
0
-0,2235907
0
0,26386923
-7,1E-44
0
0,42435497
0
-7,1E-44
0
-7,1E-44
0
0
0
-0,49418288
7,1E-44
0
0
-7,1E-44
7,1E-44
0
0
0
0
-7,1E-44
-7,1E-44
-7,1E-44
0
0
-7,1E-44
0
0,009282172
0,32006037
-0,14963469
0
7,1E-44
0
0
0
2,14E-43
0
-0,104374915
1,43E-43
-7,1E-44
0
-0,0877735
0,058894157
0
2,14E-43
0
0
0,3194893
2,14E-43
0
0
-7,1E-44
3,57E-43
0
2,14E-43
0
0
2,14E-43
-7,1E-44
-0,19621357
0
0
2,86E-43
2,14E-43
-7,1E-44
0,44750684
0
0
2,86E-43
0
0
-0,3051418
0,2043407
-7,1E-44
2,14E-43
-0,19401899
0
0
0,37888598
0,09755331
2,86E-43
0
0
-7,1E-44
-7,1E-44
0
0
2,14E-43
0
2,14E-43
0
2,14E-43
0
0
-7,1E-44
-4,29E-43
-7,1E-44
0,4791016
0
0,31029105
-7,1E-44
0
-1,43E-43
-0,20371482
-2,14E-43
-0,30508536
0
-3,57E-43
-7,1E-44
0
-0,44630882
0,25660557
-2,14E-43
-7,1E-44
-3,57E-43
-7,1E-44
-2,86E-43
-2,86E-43
-1,43E-43
0
0
0
-7,1E-44
0,054506958
0
0,45979422
-0,33117008
-1,43E-43
-4,29E-43
-1,43E-43
0
0
-0,35411707
0
-2,86E-43
-2,86E-43
-0,38699323
-1,43E-43
-7,1E-44
-0,23949105
-0,4142444
-7,1E-44
-7,1E-44
0,2627098
0
0
0
-2,86E-43
-7,1E-44
-7,1E-44
-7,1E-44
-4,29E-43
0
0
0
0
0
0
0
0
-0,18003246
-0,31069142
-7,1E-44
0,19386774
0
-7,1E-44
-7,1E-44
-7,1E-44
-7,1E-44
0
0
-1,43E-43
7,1E-44
-7,1E-44
-0,33774823
0,36202836
0,3339334
-7,1E-44
0,22117198
-0,45370376
-7,1E-44
0
0
-0,14634973
0
-0,121427834
0,07559717
-7,1E-44
0
-0,06518498
0
-0,45461774
0
0,05704242
7,1E-44
0
0
-0,47336394
0
-7,1E-44
0
7,1E-44
-0,42930645
0
0
0
0,4562891
-7,1E-44
-7,1E-44
0,058550775
-7,1E-44
-1,43E-43
0
0
7,1E-44
0,39690453
0
0
-0,41609976
0,24236178
7,1E-44
-0,106278
0
7,1E-44
0
0
0,07994193
0,43298048
0
7,1E-44
7,1E-44
1,43E-43
7,1E-44
7,1E-44
0
0,06677514
-0,084941596
7,1E-44
0
0
0,3797599
0
-0,23616678
0
-0,04907939
7,1E-44
-0,17790592
0
0
0
0
7,1E-44
0
0,092336714
0
0
7,1E-44
0
-0,05581051
0
7,1E-44
-0,32868415
0
0
0,2804004
0,07631898
0
0
0,38175005
-0,3396631
7,1E-44
7,1E-44
0
0
-1,43E-43
-7,1E-44
-2,14E-43
0,32969642
0
7,1E-44
-7,1E-44
1,43E-43
0,03640467
7,1E-44
1,43E-43
-7,1E-44
0
-7,1E-44
2,14E-43
-7,1E-44
0
-2,14E-43
-0,081534356
-7,1E-44
-7,1E-44
-1,43E-43
-0,3134238
-7,1E-44
-1,43E-43
0
7,1E-44
-7,1E-44
1,43E-43
0
0
0
-1,43E-43
7,1E-44
0
1,43E-43
0
-7,1E-44
-0,29110938
0
0
7,1E-44
-7,1E-44
-1,43E-43
-1,43E-43
0
-7,1E-44
1,43E-43
0
7,1E-44
-7,1E-44
0,05214542
0
0
0
-7,1E-44
7,1E-44
-7,1E-44
0
0
1,43E-43
0,020574868
7,1E-44
-0,18917415
-0,12344578
0
1,43E-43
0
0,25837559
-0,12810686
0
0
0
0
0
0
0
-0,33248156
7,1E-44
7,1E-44
0
1,43E-43
7,1E-44
0,41563028
7,1E-44
0
0,11720359
0
-0,23426732
0
0,22108412
0
7,1E-44
0
0
0
-0,23343125
7,1E-44
0
0
0
7,1E-44
7,1E-44
7,1E-44
7,1E-44
0
-0,47121477
7,1E-44
0
0
7,1E-44
0,2838182
0,169922
0
0
-0,21923462
0
7,1E-44
0
0
0,48669618
0
-7,1E-44
0
0
0
-7,1E-44
1,43E-43
0
0
0
-7,1E-44
0
-1,43E-43
1,43E-43
-7,1E-44
-7,1E-44
-1,43E-43
0,12783831
-7,1E-44
0
-0,21769416
0
-7,1E-44
-7,1E-44
0
0
0,2016846
7,1E-44
0
0
-7,1E-44
-7,1E-44
-7,1E-44
-7,1E-44
-7,1E-44
0
-7,1E-44
1,43E-43
0
0
-7,1E-44
-7,1E-44
-7,1E-44
0,17005998
0
0
-0,33285606
0
-7,1E-44
-0,3133986
0
0,19191504
0
-0,12162164
0
0
-1,43E-43
0
0
0
0
0
0
0
0
0,38437563
0,24092919
0
0
0
0,46464598
0
0
0
0
0
7,1E-44
0
7,1E-44
0
0,16957182
0
0
0
0
0
0
0
0
0
0
-0,05894518
0
0
0
0
0
-0,23995095
0
0
0
0
0
-0,083170325
0
-0,33725974
0
0
0
0
0
0
0
-0,47195804
0
0
0
-0,24464607
0,056518137
0
1,43E-43
7,1E-44
0
0
7,1E-44
0
-0,47191194
7,1E-44
0
-1,43E-43
0
-0,33700663
0
0,13239741
0
0
1,43E-43
0
7,1E-44
7,1E-44
7,1E-44
0
0
7,1E-44
0
1,43E-43
0
-1,43E-43
-0,035158902
0
0
0,38336444
0,44833487
0
0,062032282
0
0
-7,1E-44
0
0
-1,43E-43
0
7,1E-44
-0,23879805
0
-7,1E-44
-1,43E-43
0
7,1E-44
7,1E-44
-1,43E-43
0
-0,07889104
0
7,1E-44
0
7,1E-44
0
0
0
0
-7,1E-44
0
0
0
0
0
-7,1E-44
0
0
0
-7,1E-44
0,21177197
-0,39405686
0
0,42829853
-7,1E-44
0
0
0
-0,13104609
0
-0,03543231
-7,1E-44
0
-7,1E-44
0
0
0
0
0
0,123652875
0,3612553
0
-0,15124199
0
0
0
0
0
0
0
-0,25068164
0
0
-7,1E-44
0,27540636
0
0
0
-0,05807188
0
0
0
-7,1E-44
0
-7,1E-44
0
0
-7,1E-44
-2,14E-43
0
0,48733896
-2,14E-43
-7,1E-44
-7,1E-44
0
7,1E-44
-7,1E-44
-2,14E-43
0
0
0
-2,86E-43
0
0
0,19957358
-0,39591265
0
-2,14E-43
-7,1E-44
0
0,28408992
0
0
-7,1E-44
0,301737
-0,36187866
7,1E-44
-7,1E-44
-2,86E-43
0
0
0
-7,1E-44
0
0
0
0,23365062
0,22688425
-0,028015733
0
0,39649868
0
-0,27814507
0,43783343
0
-1,43E-43
0
0
-0,35978216
0
-1,43E-43
0
-2,14E-43
-7,1E-44
0,017563343
0
0
7,1E-44
7,1E-44
7,1E-44
7,1E-44
7,1E-44
0
-0,02655989
0
-0,444795
0,41946125
0,24200016
7,1E-44
0
0
0
7,1E-44
7,1E-44
1,43E-43
-7,1E-44
1,43E-43
7,1E-44
7,1E-44
0,48748082
-0,29234922
7,1E-44
0
1,43E-43
0
7,1E-44
-7,1E-44
0
-0,18374866
1,43E-43
7,1E-44
7,1E-44
7,1E-44
0,19201559
0
7,1E-44
0
0
0
-0,43445352
7,1E-44
0
0,17439443
2,14E-43
7,1E-44
0,20667732
0,23052514
7,1E-44
0
7,1E-44
0,1999054
7,1E-44
7,1E-44
0
7,1E-44
0
7,1E-44
0
0
0
0
7,1E-44
0
-0,4917833
0
7,1E-44
-0,48919055
0
0
0
1,43E-43
0,1405893
0
-0,01610142
7,1E-44
1,43E-43
0
0
0
0
0
0,2022953
0
0
0,074777484
7,1E-44
7,1E-44
0
0
0,34442824
0
0
0,37006044
0
0
7,1E-44
7,1E-44
0
0
-0,07146308
0
0
-0,2534053
0
1,43E-43
0,49889046
0
7,1E-44
0
0
7,1E-44
0
0
0
7,1E-44
0
-0,05747381
-0,1486054
0,07291967
7,1E-44
0
0
0
0
-1,43E-43
0
0
0,053382397
7,1E-44
0,1183992
7,1E-44
0
0
0
0,18870789
0
7,1E-44
0
7,1E-44
0,34420377
0
7,1E-44
-0,3338756
0
0
0
0
0
0,44028127
0,18011397
7,1E-44
7,1E-44
7,1E-44
0
7,1E-44
-1,43E-43
0
0
7,1E-44
0,15122932
-0,4096706
0
0
-7,1E-44
0
0
7,1E-44
0,15745658
0
0
0
0
0
-0,16011974
0,43706256
0
0
0
0
0
0,09761125
0,06907016
0
0
-1,43E-43
7,1E-44
0
0
-0,47380605
-0,23217824
7,1E-44
0
0,28233016
0
0
7,1E-44
0
0
0
-0,37655923
0
0
-0,4008932
0
0,09647864
0,057854176
7,1E-44
0
-0,4145096
-0,422235
0
0
0
0
0
-1,43E-43
-0,44314006
0
0
0
0
0
0
-1,43E-43
-0,36375558
-0,04668832
0
0
0,08550519
0
7,1E-44
0
0
0
0
0
0
0
0
0
0
0
0
-0,3472662
0
-0,13167292
0
0,25567847
0
-0,33534092
0,10966909
0
0
0
-0,42246923
0
-0,43088984
0
0
0
0
0
0
0
0,38778502
0
0
-0,35965282
0
0
0
0,32218885
0
0
0
0
0
-0,44464853
0,1406864
0
0
0
0
0
0
0
-0,2679022
0
0
0,18983132
0
0,48576516
0
0
0
-0,19290814
0
-2,14E-43
0
0
0
-7,1E-44
0
-7,1E-44
0
-7,1E-44
-7,1E-44
0
0,258964
-7,1E-44
-7,1E-44
0
0,10542923
-7,1E-44
-1,43E-43
0,1677379
-7,1E-44
0,44891238
-1,43E-43
-0,1788345
-7,1E-44
-7,1E-44
0
-1,43E-43
-7,1E-44
-7,1E-44
0,1270625
-7,1E-44
-0,35944593
-7,1E-44
-7,1E-44
0,45374
-7,1E-44
0
-7,1E-44
0
0
0
-7,1E-44
-1,43E-43
-1,43E-43
0
-7,1E-44
0,47359526
-7,1E-44
0,007629156
-7,1E-44
-7,1E-44
0
0
0
-7,1E-44
0
0
-2,14E-43
0
0
-0,290779
-7,1E-44
0
-0,4906736
-1,43E-43
-3,57E-43
-7,1E-44
0
0
0
0
-1,43E-43
-0,04229939
-4,29E-43
0
0
0
-1,43E-43
-2,86E-43
-7,1E-44
0
-7,1E-44
-2,86E-43
0
-7,1E-44
0
-7,1E-44
0
0,35645658
-3,57E-43
-7,1E-44
0
0
-1,43E-43
0,15823144
-7,1E-44
0
0
-1,43E-43
-7,1E-44
0
-2,86E-43
0
-7,1E-44
-7,1E-44
0
-3,57E-43
-7,1E-44
0
-1,43E-43
-0,45691472
0
-7,1E-44
0,01457876
0
0
0
-0,05297619
0
-7,1E-44
-0,48666608
0
0
0
0
0
0
0
0
0
0
0
0
0
0,4230671
0
0
0
0,12544435
0
0
0
0
0
0
0
0
0,15889746
0
0
0
0
0
0
-0,29612535
-0,15718809
0
0,16278523
0
0
0
0
0,17415833
0
0
0
0
0,23594278
-0,32520878
0
0
0
0
0
0
-0,027003378
0
0
0
0
0
0,486776
-0,46739674
0
0
0
-7,1E-44
0,006241739
0
0
0
0
0
-2,14E-43
0
0
0
1,43E-43
-3,57E-43
0,20234776
0
7,1E-44
0
0,31049728
0
-0,40569648
0,16768694
0
-7,1E-44
-2,86E-43
0,28967786
0
0
0
0,31001526
0
-0,45197335
0
-7,1E-44
-0,33054236
-0,22591692
-0,26066267
0
0
0,117749095
0
-4,29E-43
0
0
-0,31641698
7,1E-44
0
0
0
0
0
0
-2,14E-43
0
0
7,1E-44
7,1E-44
0,36118925
0
7,1E-44
1,43E-43
0
1,43E-43
7,1E-44
0
1,43E-43
-0,33721733
7,1E-44
0
1,43E-43
-7,1E-44
-7,1E-44
7,1E-44
0
0
0,49029875
0
-0,44018668
0,36782688
1,43E-43
0
7,1E-44
0,45970088
-0,02909103
0
0
0
7,1E-44
2,14E-43
0
0
0
0
1,43E-43
-0,3672132
0,46292043
1,43E-43
0,48444766
7,1E-44
0,19801122
-7,1E-44
2,14E-43
1,43E-43
7,1E-44
0
0
0,070955634
0
7,1E-44
0
0
-0,48306656
-0,3276234
0,22914475
0
-0,108201414
-0,09386167
0
0
0
0
0
0
0
-0,19309095
0
0
0
-7,1E-44
-7,1E-44
0,18343437
-0,43206728
-0,30350775
0
0
0,4310171
0
0
0
0
-0,28265178
-0,3563921
0
-7,1E-44
0
0,13507783
-7,1E-44
-0,20896447
0
0
-7,1E-44
0
0
0
-0,42155594
0
0
0
0
0
0
0
0
-0,10764748
0
0
0
0
0
0
0,36409748
-7,1E-44
-7,1E-44
0
-0,17346409
-1,43E-43
-7,1E-44
-1,43E-43
0
0
-0,18700099
-7,1E-44
1,43E-43
0
-0,2456488
1,43E-43
0
0
0
1,43E-43
-7,1E-44
-7,1E-44
-2,14E-43
2,14E-43
-7,1E-44
0
-1,43E-43
-7,1E-44
-7,1E-44
-7,1E-44
0
0
-7,1E-44
7,1E-44
0
0
-0,25280988
0,22255868
1,43E-43
2,86E-43
1,43E-43
0
-7,1E-44
1,43E-43
-0,10105458
0
7,1E-44
-7,1E-44
-7,1E-44
-1,43E-43
0
3,57E-43
7,1E-44
0
0
-0,16362572
1,43E-43
0
0
-7,1E-44
0
0
-0,060758293
0
0
-7,1E-44
0
-7,1E-44
0
-0,461938
0
0
0
-7,1E-44
0
0
-7,1E-44
0
-7,1E-44
0
-0,4527264
0
-7,1E-44
-7,1E-44
0,09942269
0
0,13750559
0
0
-7,1E-44
0
0,12551552
0
-0,23817712
0
0
0
-7,1E-44
-7,1E-44
-7,1E-44
-7,1E-44
0
0,07496148
0
-0,33016938
0
0,4654559
0
0
0
0
-1,43E-43
0
0
-7,1E-44
0,19133914
0
-0,30045766
0
0
-7,1E-44
0
-7,1E-44
0
0
-7,1E-44
-1,43E-43
-0,02415362
0
-7,1E-44
0,43100035
0
0
0,47259575
0,11720443
0
0,28886795
-7,1E-44
-7,1E-44
0,25275046
-7,1E-44
0
-2,14E-43
-0,24070534
-7,1E-44
-7,1E-44
-1,43E-43
-7,1E-44
-7,1E-44
-0,07223076
0
-7,1E-44
0
7,1E-44
-7,1E-44
0
-7,1E-44
-1,43E-43
-7,1E-44
2,86E-43
0
0
0
0
0
7,1E-44
0,033117652
-1,43E-43
-1,43E-43
-7,1E-44
7,1E-44
1,43E-43
7,1E-44
-7,1E-44
0
-7,1E-44
-7,1E-44
0
-1,43E-43
-7,1E-44
-7,1E-44
0
-7,1E-44
0
0
-1,43E-43
-7,1E-44
-7,1E-44
-7,1E-44
7,1E-44
7,1E-44
-7,1E-44
1,43E-43
-7,1E-44
0
-0,25616673
-7,1E-44
7,1E-44
-7,1E-44
1,43E-43
-7,1E-44
-7,1E-44
0
0,15309769
-0,2307398
0
-0,43319377
0
0
-0,4289276
0,1485936
0
-7,1E-44
7,1E-44
0
-7,1E-44
0,21608025
0
1,43E-43
0,09606147
0,091228604
0
0,3246798
1,43E-43
0,04835981
0,49956465
7,1E-44
0
-1,43E-43
-7,1E-44
-7,1E-44
7,1E-44
0
7,1E-44
-7,1E-44
0
7,1E-44
0
-0,22381347
0
0
7,1E-44
-7,1E-44
0
0
-7,1E-44
-0,35447773
0
0
0
0,40578985
0
0
-0,22663522
0
0,29375303
0
0
-0,059904248
0
-0,1370047
0,084549725
-7,1E-44
0,37713027
0
0,36984444
0
0
0
0
0
-7,1E-44
0
0
0
0,46546286
0,058745265
0
0
0
-0,35880786
0
0
0
-0,049809664
0
-0,35896426
0
0
0
0
0
0,13876903
-7,1E-44
0
0
-7,1E-44
0
0
0
0
-0,32190636
0
0
0
2,14E-43
1,43E-43
0
0
7,1E-44
7,1E-44
1,43E-43
0
7,1E-44
7,1E-44
0
7,1E-44
-0,41677648
7,1E-44
7,1E-44
7,1E-44
7,1E-44
7,1E-44
7,1E-44
7,1E-44
-0,48159242
1,43E-43
0
7,1E-44
0
0
2,14E-43
7,1E-44
-0,37278113
7,1E-44
0
7,1E-44
7,1E-44
7,1E-44
7,1E-44
7,1E-44
0
-0,13617837
7,1E-44
7,1E-44
-0,071622044
0
7,1E-44
0,2094093
0
1,43E-43
1,43E-43
2,14E-43
-0,46204743
1,43E-43
7,1E-44
0
7,1E-44
7,1E-44
7,1E-44
-0,42987654
0
-0,03442517
0
0
0
0
0
-0,4214544
0
0
0
-1,43E-43
0
0
-1,43E-43
0
0,03578174
0
-1,43E-43
-0,44397843
0
7,1E-44
-0,10027969
0
0
0
0
0
0
0
0
0
-1,43E-43
0
0
0
0
-1,43E-43
0
0,16139722
0
-0,15125647
-1,43E-43
0
0,3161496
-1,43E-43
0
0,37740862
0
0
-1,43E-43
0,2529822
0
0
0
0
-0,35989106
0
0
0
0
0
0
0
0
-0,24355242
0
0
0
0
-7,1E-44
0
0,13752383
0
0
0
0
7,1E-44
-0,02727437
0
0
0
0
0
0
0
0
0
0
0
0
0
-7,1E-44
0,14852488
0
0
-0,2881406
0
0
0
0
-0,36365
0
0
-0,14606291
-0,35050654
0
0
0
0
0,34539878
-7,1E-44
0,07964671
0
0
0,20468444
0
-0,10214996
0
0
0,24561298
0
0
0
-0,2372486
-0,2237364
0
0,009683907
0
0,40369427
-7,1E-44
-1,43E-43
-7,1E-44
-0,16913113
-0,13247684
0
-7,1E-44
-2,86E-43
-2,86E-43
0,18098211
0
-7,1E-44
0,066164196
-7,1E-44
0,028967619
-7,1E-44
-3,57E-43
-7,1E-44
7,1E-44
0
-1,43E-43
0
-2,14E-43
-3,57E-43
0
-7,1E-44
0,3123585
0
-2,86E-43
-7,1E-44
0,4337269
-0,17425907
-1,43E-43
0
-2,86E-43
-2,86E-43
0,18123627
0,17803353
0
-7,1E-44
0,18360704
-1,43E-43
-1,43E-43
-7,1E-44
0
0
0
-7,1E-44
0
-7,1E-44
-7,1E-44
-0,45205495
0
0
-7,1E-44
0,08609879
0
0
-1,43E-43
0
-7,1E-44
-0,32649153
-7,1E-44
-1,43E-43
0
-7,1E-44
0
-2,14E-43
0,30385584
-7,1E-44
-0,24987498
0,20451796
0
-0,46360275
0
-0,30134338
-0,46455938
0
-7,1E-44
0
-7,1E-44
-7,1E-44
-1,43E-43
0,05016607
0
-1,43E-43
0
-7,1E-44
-7,1E-44
-1,43E-43
0
0
-7,1E-44
-7,1E-44
0
0
-0,40645438
-1,43E-43
-0,029817134
-1,43E-43
0,37463945
-1,43E-43
-7,1E-44
-0,070418864
-7,1E-44
0
0
0
-0,05081758
0
-7,1E-44
0,19160366
0
0
0
-1,43E-43
-0,055460602
-7,1E-44
-7,1E-44
-7,1E-44
0
0
-1,43E-43
-7,1E-44
0
-7,1E-44
-7,1E-44
-1,43E-43
-7,1E-44
0,23586011
0
-2,14E-43
0
0
0,19755447
0
0
-0,49097347
-2,14E-43
0
0,39554834
0
0,18902546
0
0
-7,1E-44
-1,43E-43
-7,1E-44
0
-7,1E-44
-7,1E-44
0
-7,1E-44
-7,1E-44
-0,05259651
0
0
-1,43E-43
0
0
-1,43E-43
-1,43E-43
-0,33560354
-7,1E-44
-7,1E-44
0
0
-1,43E-43
-7,1E-44
0,038427293
-7,1E-44
-2,14E-43
-0,29109865
0
0
0
-0,45001057
0,3922174
-0,1680646
0
0
0
0
-0,12350342
-0,46056607
0
-7,1E-44
0
7,1E-44
7,1E-44
7,1E-44
-7,1E-44
-0,31639442
0
0
0
-7,1E-44
0
0,14358115
0
0
7,1E-44
1,43E-43
0
0
7,1E-44
-7,1E-44
0,22826642
0
7,1E-44
0
0
0
0
0
0
0,31529933
0,10315454
0
7,1E-44
0
7,1E-44
-7,1E-44
0
0
0
0
0
7,1E-44
-7,1E-44
7,1E-44
0
0
0
7,1E-44
0
2,14E-43
0
0
-7,1E-44
7,1E-44
1,43E-43
0
0
1,43E-43
0
0
0
1,43E-43
0
0,2563892
7,1E-44
1,43E-43
0,04996544
0
0,19221336
0,24224353
-0,20906916
-0,2074185
0
0
0
1,43E-43
0
0,14982653
0
7,1E-44
-0,17644626
0
1,43E-43
0
7,1E-44
1,43E-43
0
-0,17584512
2,14E-43
0
7,1E-44
-0,30961055
0
0,39179283
1,43E-43
0
0,3370505
7,1E-44
7,1E-44
0
0
-0,38071042
0
0
2,14E-43
0
0
0
0
0
0
0
0
0
0,18225843
0
0
0
0
0
0,28641605
0
0
0
0,064080834
0
7,1E-44
-0,44675288
0
0
0
0
0
0
0
0
0
0
0
0
0
-0,2399075
0
0
0
-0,084144354
0
-0,0043809414
0
0
0
0
0
0
0
0,25819236
0
0
0
0
0
0
0
0,256225
0
0
0
0,28438014
0
0
0
7,1E-44
-7,1E-44
7,1E-44
0,29089755
0
-7,1E-44
-7,1E-44
0,4152391
0,49646324
-0,17070127
-7,1E-44
0
-7,1E-44
7,1E-44
7,1E-44
-7,1E-44
0
-0,41703805
-1,43E-43
-0,2495957
7,1E-44
0
-7,1E-44
-7,1E-44
7,1E-44
-0,2641697
-7,1E-44
-0,34949493
0,4269879
0
0
0
0,34463453
-7,1E-44
7,1E-44
7,1E-44
0
-0,36790168
0
-7,1E-44
-7,1E-44
0
0
1,43E-43
0,072131515
-7,1E-44
0,038412392
-7,1E-44
0
0
-7,1E-44
0,3892774
-0,21069688
7,1E-44
-7,1E-44
0
0
0
0
0
-7,1E-44
-7,1E-44
-7,1E-44
0,004626453
0
0,4760399
-7,1E-44
0
-7,1E-44
-1,43E-43
-7,1E-44
-0,15666929
-7,1E-44
-0,023377925
0,080955446
-0,27284828
0
0
-0,41985166
0
-7,1E-44
0
0
-7,1E-44
-7,1E-44
-7,1E-44
-7,1E-44
0,18262959
0
0
0
-7,1E-44
-7,1E-44
-7,1E-44
-7,1E-44
-7,1E-44
0
0
0
0
-7,1E-44
0
-0,35044378
-7,1E-44
-7,1E-44
0,17152643
0,0067406297
0
0
0
0
-0,23581669
0,13270295
-1,43E-43
-7,1E-44
-7,1E-44
-1,43E-43
-0,40562764
0
0
-7,1E-44
-7,1E-44
0,30979252
0
0
7,1E-44
0
-7,1E-44
7,1E-44
-7,1E-44
7,1E-44
0,2694198
-0,20629796
-7,1E-44
0
-0,36264348
0
-7,1E-44
0
0
-7,1E-44
0
0
0
-0,24276653
0
-0,39908096
-7,1E-44
0
-7,1E-44
-7,1E-44
0,18423605
0
-7,1E-44
0
0,15377212
0
-7,1E-44
0
-7,1E-44
0
0
-7,1E-44
-7,1E-44
0
-7,1E-44
-0,4224441
-7,1E-44
-7,1E-44
0
-7,1E-44
0
-0,4008788
0
0
0
0
-0,09528491
-0,4487574
0
0
0
0,03173107
0
0,07545453
0
0
0
0
7,1E-44
0,31424755
0
-7,1E-44
0
0
0
0
0,40316683
0
0
0
0
0
0
0
0
0
0
0
0
0
0
0,16394514
-1,43E-43
7,1E-44
7,1E-44
0,27061415
0
0
0,16051346
0
-0,24093157
0
0,31391245
0
0
0
0
0
0
0
0,15060544
0
0,18682516
-7,1E-44
0
-7,1E-44
0,178105
-7,1E-44
0
0
0
-7,1E-44
-0,15425146
0
7,1E-44
1,43E-43
-7,1E-44
0
1,43E-43
2,14E-43
0
0
0,14905936
2,86E-43
-7,1E-44
0
-1,43E-43
0
0,049857914
-7,1E-44
0
0
0,45905238
2,14E-43
2,86E-43
0,3421138
0
-7,1E-44
7,1E-44
2,86E-43
1,43E-43
0
-7,1E-44
1,43E-43
0
0
-0,42057437
0
-7,1E-44
0
0
0,017026722
1,43E-43
0
0
-7,1E-44
1,43E-43
0
0,33765453
0
0
7,1E-44
2,14E-43
0
0
0
0
-0,3674982
0
-0,42011154
-0,30231774
0,38051677
0
0,12673688
0,477677
0
0
0
0
0
-0,20727888
0
7,1E-44
0
7,1E-44
0
0
0
0
0
-0,08090341
0
0
0,19380552
0
0
0
0
0
-0,48814425
0
0
0
0
0
0
0
0
0
0
0
-0,26632696
0
0
0,08726245
0
0
0
0
0
0
0
0
0
-0,045834422
0
-0,31188124
0,1819225
0
0
0
7,1E-44
0
7,1E-44
7,1E-44
0
7,1E-44
0
7,1E-44
7,1E-44
-0,17631629
-0,10186201
2,14E-43
0
7,1E-44
-0,21682408
1,43E-43
0
7,1E-44
0
0
-0,33209997
0
7,1E-44
0
0
1,43E-43
0
7,1E-44
0
0,19080597
0
0
-0,35571268
0
0
0
0
7,1E-44
0
0,3936683
0
0
-0,20810568
0
7,1E-44
0
0
7,1E-44
7,1E-44
0
7,1E-44
-0,37979567
0
0
0,27586472
7,1E-44
7,1E-44
-0,31700265
0
7,1E-44
0
-0,069426775
7,1E-44
0,081804216
0
7,1E-44
7,1E-44
-0,14997467
0,32272112
0
7,1E-44
1,43E-43
0,3965646
7,1E-44
-0,33023894
0
0
0,32325506
7,1E-44
0
2,14E-43
0
0
0,32457447
7,1E-44
7,1E-44
0,38469762
7,1E-44
0
7,1E-44
0
0
-1,43E-43
0,44537896
0
0
0
7,1E-44
0
0
0
0
7,1E-44
-0,13323501
0
7,1E-44
-0,43592802
7,1E-44
-0,47589052
7,1E-44
0
-0,2670706
0
0
-7,1E-44
-0,47933263
-1,43E-43
0,2634911
0
1,43E-43
-7,1E-44
7,1E-44
0,0072538257
7,1E-44
1,43E-43
7,1E-44
0
7,1E-44
0,39061892
-7,1E-44
0
-7,1E-44
7,1E-44
-0,0147770345
7,1E-44
-7,1E-44
0
1,43E-43
-7,1E-44
0,39814365
7,1E-44
-7,1E-44
0,19953352
0,18017799
1,43E-43
2,14E-43
-1,43E-43
-0,40640044
0
7,1E-44
0
0
0,2500028
-0,35026127
0
-7,1E-44
-7,1E-44
-7,1E-44
-7,1E-44
0,13283378
-7,1E-44
0
0
0,36709845
0,4039002
1,43E-43
0
1,43E-43
7,1E-44
-0,0996165
-0,45415258
0,02366525
7,1E-44
-0,48724008
0
0
-0,22234464
0
0
0
-0,3523105
-0,46613735
0
0
0
0
7,1E-44
0
0
0
0
0
0
0
0
-0,23802036
0
0
0
0
7,1E-44
0
0
0
0
0
-0,34617496
0
0
0
0
0
0
0
0
0
0
0
0
-0,09531635
0
0
0
0
0
0
-0,45513216
0
0
-0,0033641756
-0,31425887
7,1E-44
0
0
0
0
-0,2206851
0
0
0
0
1,43E-43
0
0
0
0,37777573
0
0,4418807
1,43E-43
0
0
0,2833839
0
0
0
0
0
0
0
0
0
-0,22746176
0,45825458
0
0
0,3208686
0
-0,22978511
0
-0,23190817
0
0,15341687
1,43E-43
0
0
-0,4922103
0
0
0
0,3639412
1,43E-43
-0,46782136
0
0,21808344
0
0,4545626
0
0
0
0
0
-1,43E-43
0
0
0
0
0,34064525
0,30169076
0
0,49957597
0
1,43E-43
0
0
0
0
0
0,19483006
1,43E-43
0
0
-0,45120072
-0,3418525
0
0
0
0
0
0
0
0
0
1,43E-43
0
0
0
0
0
0
-0,09132695
0
0
7,1E-44
-7,1E-44
0
-0,15999278
0,27555716
0
0
0,0019814968
1,43E-43
7,1E-44
0
0
-0,06989038
0
0
-0,3188671
-0,17160192
0
0
-7,1E-44
0
0
-0,4440871
0
0
0
0
0
0
1,43E-43
0,4355948
0,23123014
1,43E-43
0
0
0,26147372
1,43E-43
0
-0,49402353
-1,43E-43
0,27177846
-7,1E-44
-0,26476526
0
0
0,1682859
0
0
0
0
1,43E-43
0
0
0
0
1,43E-43
0
0
0,40160662
0
0,1480422
0,08954197
0
1,43E-43
0
0
0
0
1,43E-43
1,43E-43
0
0
0
0
0
0
0
0
0
0
0,06888986
0
0
0
0
0
-0,4403622
0
0
0
0
0
0
0
0
0
0
0
0
0,29860753
0,2608286
0
0
0,47071314
0
0
0
0
0
0
0
0
0
0
0
0
0
0
0,41810322
0
0
0
0
-0,13708678
0,24412799
0,2934937
0
0
0
0,093490005
0
0,03072071
0
0
0
0
0
0
0
0
0
0
7,1E-44
0
0
0
0,2231074
7,1E-44
0
0
0
7,1E-44
2,14E-43
0
0
0
2,14E-43
0
7,1E-44
-7,1E-44
0
0
-0,24085563
-0,39290416
7,1E-44
2,14E-43
0
0
7,1E-44
0
0
0
7,1E-44
2,14E-43
-0,31552374
0
0
0
0
7,1E-44
0
0
0
0
0
0
7,1E-44
0
0
0,38412988
7,1E-44
0
0
7,1E-44
0
2,14E-43
7,1E-44
2,14E-43
0
0
7,1E-44
0
7,1E-44
0
7,1E-44
0,37668234
0
-2,86E-43
0
-1,43E-43
0
7,1E-44
0
7,1E-44
-0,25486124
-3,57E-43
-1,43E-43
7,1E-44
0
1,43E-43
-3,57E-43
0
0
0
-2,14E-43
0,18246388
7,1E-44
-7,1E-44
7,1E-44
-0,31226367
-7,1E-44
-0,11484414
7,1E-44
7,1E-44
0
-0,44273505
-2,86E-43
0,19256645
0
7,1E-44
-0,44054583
0
-0,49564737
-2,14E-43
7,1E-44
-0,2290777
7,1E-44
7,1E-44
0,0968824
-7,1E-44
-0,31671485
-0,29560274
0
0
0
-7,1E-44
7,1E-44
0
0,27183968
-2,14E-43
-0,30410257
0
-0,20460498
-7,1E-44
-0,20341465
0
-7,1E-44
0,2829855
0
-0,4692106
0
0
0
-0,1373209
0
-7,1E-44
0
0
0
0
0
-7,1E-44
-0,3654574
-0,44802317
0
-0,23995054
0,44956762
0
-7,1E-44
0
0
0
0
0
0
-7,1E-44
0,46104807
-7,1E-44
0
0
-7,1E-44
0
0,4306919
0
0
-7,1E-44
0
0,49109232
-7,1E-44
0
0,25171095
-7,1E-44
0
0
-7,1E-44
0,49074107
0
0
0
-7,1E-44
0
-7,1E-44
0,31912887
0
0
0
0
0
0
0
0
0
0
7,1E-44
0
0
0
0
0
7,1E-44
0
7,1E-44
0
7,1E-44
0
0
0
-0,38462472
0,111376524
0
0
0
0
0
0
0
0,33826208
7,1E-44
0
-0,18594015
0
0,31275302
0
0
0
0
-0,21813229
0
0
-0,288742
0
0
7,1E-44
0,045594692
0
0
0
0
0
7,1E-44
0,4627493
0
7,1E-44
0
-0,41506976
0
7,1E-44
0
7,1E-44
0
-0,029208839
7,1E-44
0,42950875
0,4581086
0
-7,1E-44
7,1E-44
7,1E-44
-0,06681335
7,1E-44
7,1E-44
0,15351492
7,1E-44
0
0
7,1E-44
7,1E-44
0
0
7,1E-44
1,43E-43
0,00087565184
0
7,1E-44
7,1E-44
0
0
-0,19939312
0
0
0
0
7,1E-44
7,1E-44
0
0,37090278
0
-0,1548605
7,1E-44
7,1E-44
0
0
0
0
0
0
-0,041709363
7,1E-44
7,1E-44
7,1E-44
0,24527198
0,49768633
-7,1E-44
0
1,43E-43
0
0
0,19034612
-0,39942366
1,43E-43
-0,2471115
0
1,43E-43
0
0
-0,24961635
1,43E-43
0
0
0,4702624
2,14E-43
7,1E-44
0
7,1E-44
0,4029699
1,43E-43
0
0
0
0
1,43E-43
7,1E-44
-0,1876423
0
-0,49535573
1,43E-43
-7,1E-44
7,1E-44
0
-7,1E-44
7,1E-44
-7,1E-44
0
-0,23466548
0,14580005
0
1,43E-43
0
-0,038782567
7,1E-44
0
-7,1E-44
7,1E-44
1,43E-43
0,026347697
0,22996664
0
-0,15723816
0
-7,1E-44
0,3725083
0
0
0
0
0
0
0
0
0
-0,02142033
-0,4175582
0
0,08326137
-0,060052156
0
-7,1E-44
0
0
-7,1E-44
0,36420995
0
0
0
0
0
0,48515028
0
0
0,0057144165
-7,1E-44
0
0
0
0
-7,1E-44
0,41210473
0,19395524
0
0
0,1356445
0
0
0
0
0
0
0
0
0
0
0
-0,21181789
0
0
-7,1E-44
0
0
-7,1E-44
-7,1E-44
-0,48765504
0
-0,19390768
0
0
0
0
-7,1E-44
0
1,43E-43
0
-0,33866185
0
0,31249034
0
0
-0,2792979
0
0
0
0
-7,1E-44
0
-7,1E-44
-0,35737503
0
0
0
-7,1E-44
0
1,43E-43
0
0,2478686
0
0
0,3834204
0
0
0
0,25470638
-0,20915344
0
0
0
0,23134023
0
0
0
1,43E-43
1,43E-43
-0,2522593
0,026468217
0
-7,1E-44
0
0
-7,1E-44
0
0
0
0
0
7,1E-44
0
0
0
-0,021243751
-0,31790352
0
0
0
0
0,039937377
7,1E-44
7,1E-44
7,1E-44
0
0
7,1E-44
7,1E-44
0,07347673
0
0
0
0
0
7,1E-44
0
7,1E-44
7,1E-44
0
0
7,1E-44
0
0
7,1E-44
0
-0,49614897
0
1,43E-43
0
0
0,4725014
7,1E-44
0
0
0
0
7,1E-44
0
0
7,1E-44
0
7,1E-44
0
0
0
0
0
2,14E-43
7,1E-44
-0,29481035
0,47280478
1,43E-43
0
0
-7,1E-44
7,1E-44
0
0
7,1E-44
7,1E-44
0
0,22299671
-0,4976216
7,1E-44
-0,4503011
-0,47629717
0
-1,43E-43
7,1E-44
-7,1E-44
0
-7,1E-44
0
0,1589942
0
0
7,1E-44
0
7,1E-44
7,1E-44
0
7,1E-44
0
-7,1E-44
-7,1E-44
0
0
-7,1E-44
7,1E-44
-0,275982
0
0
0
0
0
7,1E-44
-7,1E-44
-0,048053384
-0,21356088
0
-7,1E-44
0
-0,34628725
1,43E-43
0
0
7,1E-44
-7,1E-44
0
0
7,1E-44
7,1E-44
0
0
0,0070104003
0
0
1,43E-43
0
0
0
7,1E-44
0
7,1E-44
-0,20997849
0
0
7,1E-44
0
7,1E-44
0
1,43E-43
0
0,15620643
0
0
0,19335502
0
0
0,2698164
0,047355294
0
0,32396984
7,1E-44
7,1E-44
0,36366093
0
0
1,43E-43
0
-0,09637612
0
0
0,43674272
-0,3189987
0
-0,10994005
0
0
7,1E-44
7,1E-44
0
7,1E-44
-0,29321694
0,0798434
0
0
7,1E-44
0
0
0
0
7,1E-44
0
0
0
0
0
1,43E-43
7,1E-44
0
7,1E-44
0
0
0
0
-7,1E-44
1,43E-43
0
0
-0,30477214
0
0
-0,34338346
7,1E-44
0
0
0
7,1E-44
0
0
0
7,1E-44
0,21223992
0
0
0
0
0
0
0
0
0
7,1E-44
0,4789366
0
7,1E-44
0
0
0
0
0
-0,17508939
7,1E-44
0
-0,038104385
7,1E-44
0
0
-0,33437872
2,14E-43
0
-1,43E-43
0,46318084
0
7,1E-44
-7,1E-44
-1,43E-43
-0,25563508
-0,20966038
-7,1E-44
-7,1E-44
-7,1E-44
-7,1E-44
-1,43E-43
0
7,1E-44
-0,26890323
0
0
-0,23182309
-7,1E-44
7,1E-44
0,35169172
7,1E-44
0
0
7,1E-44
-2,14E-43
0
0,05146879
-0,46257523
0
-2,14E-43
0
-2,14E-43
0,22797036
1,43E-43
-1,43E-43
0
-0,16961685
-7,1E-44
0
7,1E-44
-1,43E-43
-0,48486307
-1,43E-43
0,40864974
0
7,1E-44
7,1E-44
-7,1E-44
0
-7,1E-44
-0,08312118
0,34947962
-7,1E-44
-7,1E-44
7,1E-44
0
