125
20
1,43E-43
0
1,43E-43
-2,14E-43
0
7,1E-44
7,1E-44
-7,1E-44
5E-43
7,1E-44
0
-1,43E-43
-0,14326599
0
-1,43E-43
-7,1E-44
-7,1E-44
1,43E-43
0
-0,14250565
0
-2,14E-43
-0,16366675
0
-0,49910927
-0,3720158
-7,1E-44
1,43E-43
0
-2,14E-43
-0,24606118
-7,1E-44
0
0
0
7,1E-44
0,4200859
0
-7,1E-44
7,1E-44
2,14E-43
-0,45203373
0
-0,47582644
-7,1E-44
7,1E-44
0,016056895
2,14E-43
0
0
-0,34372252
0,21120405
-0,43164435
-7,1E-44
0
-2,14E-43
-0,042919874
1,43E-43
-7,1E-44
0,11377913
0,30975336
-7,1E-44
0
0
0
-4,29E-43
2,14E-43
7,1E-44
-0,3408112
2,14E-43
-0,35550088
0,1148566
-0,14945692
0
3,57E-43
0
0
0
0
-1,43E-43
-7,1E-44
-7,1E-44
0
2,14E-43
-2,86E-43
2,14E-43
0
2,14E-43
-2,14E-43
-7,1E-44
1,43E-43
0,47155845
-3,57E-43
0
-1,43E-43
0
-7,1E-44
0,38769025
-7,1E-44
0
-7,1E-44
-0,47370183
-2,86E-43
-0,1046024
-2,86E-43
1,43E-43
7,1E-44
7,1E-44
0
-0,25447917
7,1E-44
2,14E-43
1,43E-43
-1,43E-43
7,1E-44
0
0
7,1E-44
0,24883181
0
0
1,43E-43
0,27334845
-7,1E-44
1,43E-43
5E-43
0
1,43E-43
1,43E-43
0,4882099
5E-43
0
0
1,072E-42
-5,72E-43
0
0
9,29E-43
0
0
5,72E-43
-7,1E-44
1,43E-43
0,26940966
0,00063604116
-0,04988107
-7,1E-44
-0,25064945
0
0,20780742
0
-2,14E-43
0,3446018
0
-3,57E-43
7,1E-44
0,2811703
7,1E-44
0
3,57E-43
-5E-43
7,1E-44
0
-3,57E-43
3,57E-43
0
0
0
5E-43
-7,1E-44
-0,012980342
7,1E-44
-0,4835471
4,29E-43
0
0
-7,1E-44
0
-7,1E-44
0
-6,43E-43
-3,57E-43
2,86E-43
-7,1E-44
7,86E-43
-7,1E-44
-7,1E-44
0
3,57E-43
-3,57E-43
-6,43E-43
-0,25161606
0
-4,29E-43
1,43E-43
1,43E-43
0,029195905
0
3,57E-43
2,86E-43
0
-0,09299117
0
7,1E-44
-3,57E-43
-3,57E-43
7,1E-44
0
-0,4339859
-2,86E-43
2,86E-43
0
0,047879815
-2,86E-43
0
0,2673871
-7,1E-44
-6,43E-43
0,37348217
-7,1E-44
0
7,1E-44
0
0
7,1E-44
7,1E-44
-1,43E-43
-1,43E-43
3,57E-43
-7,86E-43
5E-43
0,058407426
7,1E-44
0,3937137
5E-43
0
0
-0,30620745
0,29829037
0,43230343
0
0
2,14E-43
0,2548164
0
0
0
0,30525392
0
7,1E-44
-7,1E-44
0
0
-7,1E-44
0
-0,21967736
7,1E-44
7,1E-44
-2,14E-43
2,14E-43
-0,25766593
0
-1,43E-43
0
0
0
7,1E-44
-2,14E-43
7,1E-44
0,26175928
0
0
-0,20059317
-0,30225027
0,0036556125
0,3436879
0
0
0
7,1E-44
0
0
-0,12088242
0
-7,1E-44
-0,48324153
7,1E-44
-0,34646827
0
0
0
0
-0,33968624
0,17771578
7,1E-44
0
0
-7,1E-44
-1,43E-43
7,1E-44
0,030549884
-7,1E-44
0
0
0
1,43E-43
7,1E-44
0,33880603
-7,1E-44
0,37297004
0
0
-0,382963
0,017338872
7,1E-44
1,43E-43
-7,1E-44
0
7,1E-44
-7,1E-44
0,33363867
0
0,064887166
0
-7,1E-44
0
0
-0,40928137
0
7,1E-44
7,1E-44
-1,43E-43
0
-2,14E-43
7,1E-44
0
7,1E-44
0
0
-0,032121986
0
0,3130557
7,1E-44
0,43122518
-0,14007959
0
0,112164974
0
0,19844037
-7,1E-44
0
7,1E-44
7,1E-44
-7,1E-44
7,1E-44
-7,1E-44
0
0
0
-7,1E-44
-7,1E-44
-0,12936717
0,34024185
0
0
0
0
-1,43E-43
-7,1E-44
0
0,40647686
0,34370798
-1,43E-43
0
0,15904814
-7,1E-44
7,1E-44
-0,44938648
0
0
0
1,43E-43
1,43E-43
7,1E-44
1,43E-43
-7,1E-44
0,117477834
1,43E-43
0,22424775
1,43E-43
1,43E-43
7,1E-44
0
-7,1E-44
0
0
7,1E-44
-0,2437863
0
0
0
-1,43E-43
2,14E-43
1,43E-43
0
0
0,17073071
-0,12708494
-0,27614623
-7,1E-44
7,1E-44
0
0
2,86E-43
-0,26875123
0
-0,40620783
-7,1E-44
-2,14E-43
7,1E-44
-2,14E-43
-0,328137
0,38037378
-0,07725656
-0,3612662
0
-0,32380596
7,1E-44
-0,28965145
-0,21617025
-7,1E-44
7,1E-44
7,1E-44
0
-7,1E-44
0
1,43E-43
0
1,43E-43
7,1E-44
0,05153823
-7,1E-44
7,1E-44
7,1E-44
0
-7,1E-44
7,1E-44
-1,43E-43
-0,3805756
7,1E-44
0
0
0
-7,1E-44
0,38016313
-0,26341128
0
-7,1E-44
-0,17757499
-0,4215858
0
7,1E-44
0,39171946
0,19768488
-7,1E-44
-2,14E-43
0
-7,1E-44
0
1,43E-43
0
0
7,1E-44
0,12585247
7,1E-44
-0,39607427
0,12611753
1,43E-43
-7,1E-44
-2,14E-43
-1,43E-43
7,1E-44
0
7,1E-44
0
-7,1E-44
1,43E-43
0,18867922
-7,1E-44
1,43E-43
-1,43E-43
-7,1E-44
-7,1E-44
0,12328708
0,13227892
0
7,1E-44
0,43994123
-7,1E-44
0,42657787
-0,0040927827
0
-1,43E-43
-7,1E-44
7,1E-44
0
1,43E-43
0,42360115
-2,86E-43
1,43E-43
7,1E-44
7,1E-44
-2,86E-43
0
0,3818106
-1,43E-43
1,43E-43
-0,25572085
7,1E-44
-0,22765204
-0,33093917
3,57E-43
-7,1E-44
7,1E-44
-7,1E-44
0
4,29E-43
-1,43E-43
-7,1E-44
7,1E-44
0
0
-0,4372252
0
-2,14E-43
-7,1E-44
2,14E-43
-0,46324563
1,43E-43
-7,1E-44
-1,43E-43
0
0
-2,14E-43
7,1E-44
-1,43E-43
7,1E-44
-1,43E-43
-3,57E-43
0,363253
7,1E-44
-1,43E-43
0
-7,1E-44
0,02526766
-0,22635573
-0,2504328
0,23740709
-7,1E-44
-0,39407802
7,1E-44
1,43E-43
0
-0,38460556
2,14E-43
2,86E-43
-0,21957844
1,43E-43
7,1E-44
0,43092257
-1,43E-43
7,1E-44
7,1E-44
0
-4,29E-43
0
0
0
-7,1E-44
7,1E-44
0
-2,14E-43
-7,1E-44
-1,43E-43
1,43E-43
0,49554616
7,1E-44
-1,43E-43
1,43E-43
0
-1,43E-43
0,4748202
2,14E-43
2,86E-43
0
2,14E-43
-1,43E-43
7,1E-44
7,1E-44
-7,1E-44
0,27851993
-1,43E-43
7,1E-44
-2,86E-43
-0,087661326
0,09275806
-7,1E-44
-0,15905437
0
-7,1E-44
-2,14E-43
0
-2,86E-43
1,43E-43
-7,1E-44
0
-1,43E-43
-0,31915855
0,3744952
0
-7,1E-44
-7,1E-44
0
7,1E-44
-1,43E-43
7,1E-44
0,09264737
0
7,1E-44
0
0
0
-7,1E-44
0
0,1308471
0
0
3,57E-43
0
-7,1E-44
0
-7,1E-44
7,1E-44
0
7,1E-44
0
-0,3344974
-0,28202277
0
7,1E-44
0
-7,1E-44
0,37717324
-7,1E-44
0,25563753
-7,1E-44
0,2787059
7,1E-44
0
0,036664963
-0,37122148
0,49760836
0
0,20983881
7,1E-44
7,1E-44
7,1E-44
7,1E-44
-0,43309924
0,44406676
0,13993192
0,16200459
7,1E-44
0,14343804
-7,1E-44
0
7,1E-44
-7,1E-44
7,1E-44
0
-1,43E-43
0
0
0
4,29E-43
0
-0,37389216
0
7,1E-44
7,1E-44
-1,43E-43
3,57E-43
0
-7,1E-44
-7,1E-44
0
-7,1E-44
0
0
0
0
0
0
7,1E-44
-7,1E-44
-7,1E-44
0
0
0,37743533
-7,1E-44
-0,4306298
0
7,1E-44
-7,1E-44
7,1E-44
0
0
-2,86E-43
0
-0,36055803
1,43E-43
7,1E-44
0
-0,011639744
0
-7,1E-44
0
0,10827589
0,1680417
-1,43E-43
0
0
0
-7,1E-44
7,1E-44
7,1E-44
0
1,43E-43
0
0,13935381
0
7,1E-44
7,1E-44
0
-0,18113968
0
0
7,1E-44
0
0
0,016953766
-0,3857013
0,050688982
-7,1E-44
0
0
0
0
-4,29E-43
7,1E-44
-0,4180609
-0,3625191
-2,14E-43
0,4655599
1,43E-43
0
7,1E-44
-7,1E-44
0
0
0
7,1E-44
-1,43E-43
0
0,48018956
-7,1E-44
1,43E-43
0
-0,027869463
0
0
0
0
0
0,34439564
0
0
0
-2,14E-43
-7,1E-44
0
0
0
-7,1E-44
7,1E-44
-7,1E-44
-7,1E-44
-7,1E-44
0
-0,069143236
0
0
0
0
0
7,1E-44
0
-7,1E-44
7,1E-44
2,14E-43
7,1E-44
-0,32715327
0
-7,1E-44
0
2,14E-43
-7,1E-44
0
7,1E-44
0
0,3678971
0
0
0
-1,43E-43
0
0
0
0
0
0
0
0
-2,14E-43
2,14E-43
0
0
-7,1E-44
7,1E-44
0
-7,1E-44
0
1,43E-43
0,29803348
0,09580445
0
0,2386303
7,1E-44
7,1E-44
-0,049670607
0
0
7,1E-44
-1,43E-43
2,14E-43
-7,1E-44
0
0
0
-1,43E-43
0
-7,1E-44
-7,1E-44
-0,049231887
0
0
0
0
0
0,16626209
0
0
-7,1E-44
0
0
-4,29E-43
0
-7,1E-44
0
0
-1,43E-43
0
7,1E-44
-0,30549753
3,57E-43
-0,33890238
1,43E-43
-4,29E-43
0
7,1E-44
0,44827533
7,1E-44
-7,1E-44
7,1E-44
0
0
0,44795477
0,026065469
0
-1,43E-43
0
-0,43150517
0
-0,39551935
2,86E-43
7,1E-44
-0,009847879
0
0
0
-7,1E-44
7,1E-44
0,044195294
3,57E-43
-0,20458919
-7,1E-44
0
0
-3,57E-43
0
-7,1E-44
-2,14E-43
-7,1E-44
-3,57E-43
7,1E-44
0
-7,1E-44
7,1E-44
0
0
4,29E-43
2,86E-43
-2,14E-43
1,43E-43
-4,29E-43
-0,118842274
7,1E-44
0
-0,16780198
0
7,1E-44
-3,57E-43
7,1E-44
0
-0,017239183
-2,14E-43
0
0
7,1E-44
-2,14E-43
-7,1E-44
7,1E-44
7,1E-44
0
-0,36588544
-0,32161382
0,25017947
0
-3,57E-43
7,1E-44
-7,1E-44
7,1E-44
-3,57E-43
0
-0,067982465
0
0,05012721
4,29E-43
0
7,1E-44
-7,1E-44
-7,1E-44
1,43E-43
7,1E-44
0
7,1E-44
-7,1E-44
-0,4241494
-3,57E-43
3,57E-43
-4,29E-43
-7,1E-44
0
7,1E-44
-7,1E-44
-7,1E-44
-7,1E-44
-0,05887428
0,0507707
0
0
0
-7,1E-44
0,17171592
-7,1E-44
0
-7,1E-44
-3,57E-43
0,29263633
0,11178219
0,38363516
-0,40627474
7,1E-44
-0,34119934
-1,43E-43
-1,43E-43
-1,43E-43
7,1E-44
0,32291025
0
-1,43E-43
0,28339142
-1,43E-43
0,08724314
0
-7,1E-44
-7,1E-44
0,46153826
7,1E-44
-1,43E-43
1,43E-43
0,12483597
0
0
-1,43E-43
-1,43E-43
-1,43E-43
0
0
7,1E-44
7,1E-44
-0,19555908
7,1E-44
0
1,43E-43
-2,14E-43
2,86E-43
-1,43E-43
-1,43E-43
0,22324163
0
0
-1,43E-43
0
7,1E-44
1,43E-43
1,43E-43
-7,1E-44
0,006376326
7,1E-44
0
1,43E-43
0
7,1E-44
0
-0,14913762
1,43E-43
-1,43E-43
1,43E-43
0,12207723
0
7,1E-44
0
-1,43E-43
0
2,86E-43
-7,1E-44
0
0
7,1E-44
-2,86E-43
0
-2,86E-43
7,1E-44
7,1E-44
-2,14E-43
-0,33230013
0
0,09148115
-7,1E-44
0
0
1,43E-43
-1,43E-43
2,14E-43
1,43E-43
0
0
-1,43E-43
2,14E-43
-2,86E-43
-0,3804815
0
-1,43E-43
7,1E-44
-2,14E-43
7,1E-44
-1,43E-43
-1,43E-43
0
7,1E-44
-2,86E-43
-7,1E-44
1,43E-43
2,14E-43
0
1,43E-43
0,22492605
1,43E-43
0
-0,38671914
0
-1,43E-43
1,43E-43
0
0,4514538
1,43E-43
-7,1E-44
1,43E-43
1,43E-43
0
0
0
-1,43E-43
0
7,1E-44
-2,86E-43
-0,24790138
0
0
5E-43
0
0
5E-43
-2,14E-43
2,86E-43
-1,43E-43
3,57E-43
-7,1E-44
0
5E-43
0
2,86E-43
-2,14E-43
0
-7,1E-44
-2,86E-43
7,1E-44
7,1E-44
-0,1345304
7,1E-44
-2,86E-43
-0,048025638
-7,1E-44
7,1E-44
0
-1,43E-43
0
-7,1E-44
0,3659606
-7,1E-44
0,28525078
7,1E-44
-1,43E-43
0
0
-7,1E-44
0
7,1E-44
7,1E-44
0
-1,43E-43
0,38270152
2,86E-43
-2,14E-43
-0,46519387
0
-0,43213207
2,86E-43
7,1E-44
0
0,023435652
-2,86E-43
0
5E-43
0,11032832
-0,10737163
0
2,14E-43
-3,57E-43
7,1E-44
3,57E-43
0,40228784
-7,1E-44
0,074937284
-0,29329288
7,1E-44
7,1E-44
1,43E-43
7,1E-44
1,43E-43
1,43E-43
-1,43E-43
2,14E-43
-2,86E-43
-7,1E-44
7,1E-44
2,14E-43
4,29E-43
-2,86E-43
2,86E-43
0,43066913
-7,1E-44
-0,090260774
-3,57E-43
7,1E-44
7,1E-44
-0,06927109
-2,86E-43
-1,43E-43
-0,1518836
-7,1E-44
-2,86E-43
0,025992751
1,43E-43
-7,1E-44
7,1E-44
7,1E-44
2,86E-43
-5E-43
-7,1E-44
3,57E-43
1,43E-43
0
1,43E-43
-7,1E-44
7,1E-44
0,45693243
-2,14E-43
2,86E-43
-7,1E-44
1,43E-43
2,86E-43
-1,43E-43
0
-7,1E-44
-0,012232363
2,14E-43
0
7,1E-44
-7,1E-44
0
0,4891246
0,021500945
0
1,43E-43
0,30726928
0,28094864
0
7,1E-44
-0,46374193
-7,1E-44
7,1E-44
-0,12539217
0
0,39628392
0
-0,35614476
-2,14E-43
0,47352248
0
0,09980756
-7,1E-44
0
-7,1E-44
0
-0,42769855
2,86E-43
-7,1E-44
7,1E-44
7,1E-44
-2,86E-43
0
7,1E-44
7,1E-44
0,1903466
-1,43E-43
0
-1,43E-43
-1,43E-43
-0,41749293
0,35534328
-0,47957432
0
1,43E-43
0,32897866
-2,14E-43
-2,14E-43
2,86E-43
0,2667637
-0,0151286125
7,1E-44
0
-0,39233816
-7,1E-44
7,1E-44
7,1E-44
-7,1E-44
7,1E-44
2,14E-43
0
-0,4371426
0
1,43E-43
-3,57E-43
0,49890298
2,86E-43
0
7,1E-44
-0,16165021
2,14E-43
0
7,1E-44
0
-0,01210621
1,43E-43
-7,1E-44
-0,25732517
0,17398876
-2,14E-43
0
7,1E-44
0,23979068
2,14E-43
-0,42217207
2,86E-43
-0,0130028725
0,26344085
7,1E-44
-2,86E-43
0,029072464
7,1E-44
0,4555136
-2,86E-43
1,43E-43
-2,14E-43
0
-3,57E-43
0
1,43E-43
-1,43E-43
7,1E-44
1,43E-43
2,86E-43
-2,86E-43
-7,1E-44
1,43E-43
2,14E-43
0
0,48754048
-7,1E-44
1,43E-43
5E-43
0
7,1E-44
1,43E-43
-7,1E-44
7,1E-44
-1,43E-43
0
0
-0,21016315
0
0
7,1E-44
0,071843505
0
-0,38208172
0
0
-7,1E-44
0
0
7,1E-44
-0,020620704
7,1E-44
0,005441606
7,1E-44
-7,1E-44
0
-0,19454148
7,1E-44
7,1E-44
-7,1E-44
-7,1E-44
-0,33078974
-7,1E-44
7,1E-44
-0,31073487
0
-0,0153618455
0
7,1E-44
0
0
-7,1E-44
-7,1E-44
-0,13060877
0,4630878
0
-0,41011322
-7,1E-44
0
0,11718547
0
0
0,30284452
0
-7,1E-44
0
0
-7,1E-44
0
-7,1E-44
-7,1E-44
-0,1456689
0
7,1E-44
7,1E-44
7,1E-44
1,43E-43
7,1E-44
0
0
0
0
0
0,22697061
7,1E-44
0
0
1,43E-43
1,43E-43
7,1E-44
0
0
0,29789943
-0,4001733
-7,1E-44
-0,013275415
0
0
0,1503352
0
0
0,0757336
0
0
7,1E-44
-7,1E-44
7,1E-44
0
7,1E-44
0
-7,1E-44
-0,44865364
0
0
0
7,1E-44
0,3857208
-7,1E-44
0
0
0
-7,1E-44
0
-0,11600831
-0,26384985
-7,1E-44
-7,1E-44
7,1E-44
0
0
0,40038866
-0,2146017
7,1E-44
7,1E-44
-0,113099724
7,1E-44
0
-0,039151162
0
-0,25932336
0
-7,1E-44
7,1E-44
1,43E-43
7,1E-44
0
-0,21356219
0,25515825
-0,44806677
0,24113572
0,36797786
0,3143273
7,1E-44
7,1E-44
-3,57E-43
2,14E-43
0
7,1E-44
-5,72E-43
-7,1E-44
0,20355386
0,20769846
7,1E-44
-0,4419212
2,14E-43
-1,43E-43
-7,1E-44
-0,34685427
0
-0,021371007
-7,1E-44
7,1E-44
2,86E-43
7,1E-44
7,1E-44
-7,1E-44
-7,1E-44
-1,43E-43
0,21581602
1,43E-43
0
0,086371064
0,3101108
-0,23658225
2,86E-43
-1,43E-43
-1,43E-43
-7,1E-44
0
-7,1E-44
0
-7,1E-44
2,14E-43
0
-4,29E-43
0
-7,1E-44
-0,09143892
-0,29815668
-0,23759031
-0,15152311
1,43E-43
1,43E-43
0
0,49169266
-2,86E-43
-1,43E-43
-7,1E-44
0
-4,29E-43
2,14E-43
2,14E-43
0,41211683
0
-0,20536295
-1,43E-43
-2,86E-43
0,004401803
7,1E-44
0
-7,1E-44
-7,1E-44
7,1E-44
0
0
2,86E-43
0
0
7,1E-44
-4,29E-43
2,86E-43
-0,021631658
7,1E-44
-7,1E-44
1,43E-43
2,86E-43
2,14E-43
-7,1E-44
-0,22272521
2,86E-43
1,43E-43
1,43E-43
7,1E-44
7,1E-44
7,1E-44
0
-7,1E-44
1,43E-43
0
-2,14E-43
3,57E-43
0
-7,1E-44
7,1E-44
0
-7,1E-44
1,43E-43
7,1E-44
-2,14E-43
0,19209439
0
-7,1E-44
-7,1E-44
-7,1E-44
-7,1E-44
-7,1E-44
-1,43E-43
-7,1E-44
-2,86E-43
7,1E-44
-1,43E-43
0
0
0
0
0,02129674
0
-7,1E-44
-7,1E-44
7,1E-44
0
0
0
-2,14E-43
0
0
0
0,22919911
0
0,28589237
0
0
0
0,123796165
0,44572788
-0,13549313
0
-7,1E-44
0
0
0
0
7,1E-44
0
0
0
0
0
0
-0,2378135
0
7,1E-44
0
-7,1E-44
7,1E-44
0
7,1E-44
-0,18001106
0
7,1E-44
0
0
0
0
0
-7,1E-44
0,012666523
-0,1513251
0
-0,48658347
-2,86E-43
0
0
0
7,1E-44
-0,4763821
0
-2,86E-43
0
0
7,1E-44
7,1E-44
0
0
0
7,1E-44
0
0
0
0
0
0
0,13442296
0,44211823
-0,46800464
-7,1E-44
-0,16840687
0
-2,86E-43
-7,1E-44
-7,1E-44
0
0
-0,3686772
-0,4047594
0
-7,1E-44
-0,35780954
0,20850575
0
0
0
0
0,49032277
0
0,023767889
0,17805868
-0,1506851
0
-0,081596196
7,1E-44
0
0
0
-0,23379692
0
0
0
0
0
0
0
0
-2,86E-43
-7,1E-44
-0,020823836
-0,4547741
0
7,1E-44
0
0
0,36718404
-0,11827889
-7,1E-44
0,4313048
-0,23669341
0
-7,1E-44
0,19206482
0
0
-1,43E-43
-1,43E-43
0
0
7,1E-44
0
2,86E-43
-3,57E-43
0
7,1E-44
-1,43E-43
7,1E-44
1,43E-43
-7,1E-44
2,14E-43
-0,383081
-7,1E-44
7,1E-44
0
0,044483423
-7,1E-44
0,10085708
0
0,306018
-7,1E-44
-0,1790323
7,1E-44
-0,4830472
-2,86E-43
-7,1E-44
0,22447604
0
0
-2,86E-43
-7,1E-44
0
7,1E-44
-7,1E-44
0
-7,1E-44
0,083185256
-0,110839725
-7,1E-44
7,1E-44
-4,29E-43
0
0
0
-3,57E-43
1,43E-43
7,1E-44
-4,29E-43
0
0
0
-2,14E-43
-7,1E-44
0
-0,49894416
0
0
0
0
0
2,14E-43
-7,1E-44
-7,1E-44
0
-6,43E-43
2,14E-43
0,19094694
0
0,09484416
1,43E-43
7,1E-44
7,1E-44
0
3,57E-43
-7,1E-44
-0,03415948
2,14E-43
1,43E-43
7,1E-44
-0,43232587
0,109437644
0
7,1E-44
0
0,392564
8,58E-43
-2,86E-43
0
0
-7,1E-44
-7,1E-44
7,1E-44
-7,1E-44
0,33709973
0
-1,43E-43
0
7,1E-44
7,1E-44
-7,1E-44
0
0
0,20519865
-3,57E-43
0
0
3,57E-43
0
0
0
0
7,1E-44
0
0
2,14E-43
0,21343821
0
-7,1E-44
2,14E-43
0
0
2,86E-43
-7,1E-44
0
0,13764149
0
-0,10055274
0
2,86E-43
0
7,1E-44
0
0
-7,1E-44
0
-2,86E-43
0
-0,31286883
0
0
0
-2,86E-43
-7,1E-44
0
-3,57E-43
2,86E-43
7,1E-44
0
0,10544348
2,86E-43
0,37552094
2,86E-43
-0,31825596
7,1E-44
3,57E-43
0,19849259
0
0
0
0
0
-3,57E-43
-0,26337367
2,86E-43
0,3948897
3,57E-43
0
-0,20504555
0,30073214
7,1E-44
0
0
2,86E-43
0
-0,26832736
-7,1E-44
7,1E-44
0
-0,48419616
2,86E-43
0
0
0
0
0
-2,86E-43
-2,86E-43
0
0
2,86E-43
-0,3535846
2,86E-43
0
2,86E-43
7,1E-44
0
0
0
0,074401796
0
-7,1E-44
7,1E-44
0
0,029335499
-0,17908311
0
0,3118646
0
-7,1E-44
2,86E-43
-2,14E-43
2,86E-43
0
0
0
0,43975544
0
-0,3789593
0
-0,22782046
-7,1E-44
0,30892092
0
0
0
0
0
7,1E-44
3,57E-43
0
0
-2,86E-43
0
0
-0,49529454
0,31124252
-2,86E-43
-0,3546847
0,11325711
-5E-43
2,86E-43
0
0
-5E-43
0
1,43E-43
-0,2423487
0
0
0
-7,1E-44
0
1,43E-43
-2,86E-43
-0,21727869
0
0
2,86E-43
0
0
2,86E-43
0
-7,1E-44
-0,4847862
2,86E-43
0,123506844
-0,12757623
-1,43E-43
0
3,57E-43
-3,57E-43
-0,0692575
0
0
-3,57E-43
0
-2,86E-43
-7,1E-44
0
0,14960223
0,2874208
0
0,47231138
0
-0,2709822
0,24348187
5E-43
2,86E-43
-2,86E-43
-0,33330745
-3,57E-43
0
7,1E-44
0
-1,43E-43
2,86E-43
-0,2707597
0,24599177
7,1E-44
-0,01480633
0
-7,1E-44
0
1,43E-43
-2,86E-43
-1,43E-43
0
0
0
-3,57E-43
2,86E-43
3,57E-43
-0,268177
0
-5E-43
-7,1E-44
-2,86E-43
0
-4,29E-43
5,72E-43
0
1,43E-43
-7,1E-44
3,57E-43
0
-0,081377536
0,33290613
0
2,86E-43
0
0
0
1,43E-43
0,49513686
-4,29E-43
5E-43
-2,86E-43
0
0,09620899
0,22493619
-3,57E-43
-7,1E-44
0
0
0
-0,11482358
0,39857197
0,3539282
-7,1E-44
0
0
0
-0,027923554
-0,2615205
0
0,17446405
-7,1E-44
0
-7,1E-44
0
0
-2,14E-43
0
0
-6,43E-43
1,43E-43
-0,4101258
0
-5E-43
0
7,1E-44
0,43066406
0
-7,1E-44
7,1E-44
-7,1E-44
0,24581039
3,57E-43
-1,43E-43
0
-7,1E-44
-0,46195072
1,43E-43
-7,1E-44
-0,33864802
0
-0,39284217
0
-7,1E-44
0
0
0,1237607
7,1E-44
0
2,86E-43
0
0
0
0
-7,1E-44
0
0
0
0,22317779
-7,1E-44
0
0,44312686
-0,16209695
-0,24443093
0,20741642
0
7,1E-44
-0,036881447
-7,1E-44
0
-5,72E-43
0
0
0,23173964
0,3138504
0
2,86E-43
-2,86E-43
0
1,43E-43
-1,43E-43
-2,86E-43
0
0
-7,1E-44
-0,06706217
0
0
0
0
7,1E-44
1,43E-43
-1,43E-43
0,49103832
0,47469622
2,86E-43
0
0
-7,1E-44
1,43E-43
0
0
-7,1E-44
2,86E-43
0
7,1E-44
1,43E-43
-0,22316751
0
0
-7,1E-44
-7,1E-44
0
0
-1,43E-43
5,72E-43
-1,43E-43
0
0
-7,1E-44
-2,14E-43
-7,1E-44
0
-7,1E-44
0
-7,1E-44
0
0
-0,41812956
0
0
0
0
-2,86E-43
0
0,067897975
0,47690296
0
-0,48786667
-7,1E-44
-0,17471394
-7,1E-44
0,2312606
0,23352247
-2,14E-43
0,19814014
-0,05558297
-0,21855432
1,43E-43
0
2,86E-43
-7,1E-44
0
-0,2727937
0,12896824
-7,1E-44
0
2,14E-43
-0,34808108
7,1E-44
-7,1E-44
-0,31123227
2,86E-43
-1,43E-43
0,39801383
1,43E-43
-0,34328988
0
-7,1E-44
-7,1E-44
-2,14E-43
0
7,1E-44
-7,1E-44
-1,43E-43
-1,43E-43
-1,43E-43
0,24743909
1,43E-43
-0,013251275
0
-1,43E-43
-7,1E-44
-1,43E-43
-1,43E-43
0
-0,08240211
-2,14E-43
7,1E-44
7,1E-44
0
2,14E-43
-0,38395947
7,1E-44
0
1,43E-43
7,1E-44
2,14E-43
-7,1E-44
-1,43E-43
7,1E-44
0,3691913
-0,13356552
0,010190606
2,14E-43
0,032767832
-2,14E-43
7,1E-44
0,4688149
0
-2,86E-43
-0,4859559
0
0,40928704
-7,1E-44
0,21721494
2,14E-43
-7,1E-44
-0,06729743
2,14E-43
-0,48623505
-1,43E-43
7,1E-44
-7,1E-44
0,025461733
1,43E-43
0
-1,43E-43
0
2,14E-43
0
2,14E-43
-1,43E-43
7,1E-44
0,08031911
0
7,1E-44
0
2,14E-43
-2,14E-43
1,43E-43
0,14336288
-1,43E-43
-7,1E-44
-7,1E-44
-7,1E-44
-2,86E-43
-7,1E-44
-2,14E-43
-7,1E-44
0
-2,14E-43
-0,05916938
-7,1E-44
7,1E-44
0,48154235
-0,32712424
-7,1E-44
-2,86E-43
7,1E-44
-2,14E-43
0
-0,3016153
-7,1E-44
0
0
0
7,1E-44
0
-2,14E-43
7,1E-44
-0,3603487
0
0
0,3377949
2,14E-43
1,43E-43
0
-1,43E-43
0,27873194
0,036195755
0,44937044
2,14E-43
-1,43E-43
-0,39948404
-0,27337307
0,1705774
1,43E-43
-7,1E-44
-7,1E-44
7,1E-44
-0,29704997
7,1E-44
0
-7,1E-44
-1,43E-43
-0,080360144
1,43E-43
0,089573205
1,43E-43
-7,1E-44
0,29568154
-0,11577284
0
-7,1E-44
0
-0,22059557
-7,1E-44
-7,1E-44
0,081502855
-0,4967282
-7,1E-44
7,1E-44
7,1E-44
0,41372204
0
7,1E-44
-7,1E-44
7,1E-44
-0,40689182
-1,43E-43
0,45081043
2,14E-43
-7,1E-44
0
-0,08756387
1,43E-43
-1,43E-43
1,43E-43
7,1E-44
-1,43E-43
-1,43E-43
0,21512574
-1,43E-43
-0,33196235
0,18798333
0
-0,47065213
0
-7,1E-44
7,1E-44
7,1E-44
-7,1E-44
0,38522476
-7,1E-44
-0,2920183
-7,1E-44
0
-1,43E-43
1,43E-43
1,43E-43
0,20786011
-7,1E-44
7,1E-44
0,2459377
-0,24047464
1,43E-43
7,1E-44
1,43E-43
0
-0,27266076
1,43E-43
-1,43E-43
2,14E-43
-2,14E-43
2,14E-43
-0,11121923
0,1403141
0
0,15649587
-7,1E-44
-1,43E-43
-1,43E-43
-1,43E-43
-7,1E-44
0
-1,43E-43
-0,17089123
0,35602266
-0,34643683
7,1E-44
0
0,35484803
-0,18576995
0
-1,43E-43
