60
125
0,19242436
-0,42710578
0,0019267797
-0,13354805
-0,07851502
0,46759498
-0,48920003
-0,108466834
0,2812469
-0,18409592
-0,26666498
-0,04680556
-0,3449771
-0,38217938
-0,07122138
-0,48535335
-0,35508657
-0,2480058
-0,11248705
-0,4062391
-0,011868
-0,07963684
-0,06964648
-0,08625811
-0,36339194
0,42088765
0,26298767
-0,11836234
0,40406573
-0,34971744
0,25255936
0,08589411
-0,1016947
0,45801824
-0,18748006
0,4789676
-0,22925559
-0,4336832
0,2565539
-0,0071009994
0,3954724
-0,20720577
-0,3109982
0,20880175
0,24896485
0,26092935
-0,38551354
-0,38565946
0,031347334
-0,42747805
0,22335511
0,33616692
0,3215952
-0,22947183
0,18388289
0,123509705
-0,48060322
-0,26914853
0,25600553
-0,1443856
-0,10823032
-0,48433703
-0,27623582
-0,0035926998
-0,32366523
0,23934144
-0,46849057
0,43935412
0,42052305
-0,4502981
-0,35602272
0,20914257
-0,36115605
-0,27486724
-0,27367413
0,47364807
0,49235433
-0,49660355
-0,23841989
-0,44637793
0,37870538
-0,23055744
-0,4556446
-0,056692123
0,2885635
-0,25998017
0,0013133883
-0,36838114
-0,15584195
0,3813622
0,46592242
-0,24849296
-0,032539368
0,3656022
-0,10321662
0,34038478
0,35720235
0,19459867
0,38276964
-0,18267289
0,15378761
-0,12102932
0,18849069
0,39200485
0,26207256
0,08834821
-0,21054164
0,241112
0,35649645
-0,35825318
0,19343865
-0,26024896
0,36833787
0,20527673
-0,4811042
-0,22137856
-0,3680805
0,020542622
-0,06741583
-0,41582978
-0,024007767
-0,4361987
0,4892879
0,4143716
0,09562814
0,027855456
-0,35816973
0,023412645
-0,06299481
-0,4806076
0,39941573
0,13852459
0,21027792
-0,061415255
-0,48542297
-0,36555058
0,28005713
-0,19919035
-0,427743
0,31832308
0,04574287
0,115089476
-0,14479181
0,36231327
-0,39167213
-0,35424864
-0,3255542
0,1389519
-0,12489155
0,39532375
-0,0008856058
-0,11018616
0,49921584
0,3239879
0,2941593
0,15685058
-0,47980878
-0,25749815
0,22455448
-0,004491657
-0,30495554
-0,03442779
0,13740444
0,27891016
0,13421893
0,112178326
0,18271619
-0,33746013
0,12903583
-0,24069318
-0,09633455
0,2507251
-0,22943476
0,4121124
0,21686661
0,27352655
0,12493718
0,025611162
-0,15157259
0,41968614
-0,11016935
-0,17118788
-0,39923087
0,289739
-0,23640692
0,19080389
0,21262121
0,19976127
-0,45591724
0,25807554
0,339535
0,06912708
-0,25396407
-0,30589902
-0,18929935
-0,24468207
0,13174039
0,05351311
0,1710856
0,24505049
0,4337623
0,0044054985
0,17431104
-0,038479596
-0,02890411
0,34865916
0,06489354
0,24059969
0,05707282
0,23053646
0,21374029
-0,038982987
-0,4466262
-0,22635236
-0,4872977
-0,47010556
-0,19846544
-0,12371433
0,30907822
-0,36320567
0,40355533
-0,36370212
0,25616914
-0,1837163
-0,3878382
0,27639365
0,39873904
0,29483175
0,25192964
0,409293
0,14848256
-0,49507448
0,33317858
0,2153455
0,33387727
-0,39040768
-0,069334954
0,36399716
-0,13389227
0,0102674365
0,22340053
-0,2134186
0,19661582
0,17804593
0,16362518
-0,17355135
0,27821136
-0,19025752
-0,02561748
0,3142681
-0,11444256
0,06844056
0,04739046
-0,37658978
-0,4788035
0,28434187
0,4710946
-0,3486218
0,13589686
0,28235483
-0,11282554
-0,25267732
-0,3081376
0,34543848
0,13811105
0,3232165
0,27758664
0,4298122
0,17350239
0,48188967
-0,018283904
0,12820262
-0,05915615
0,4494406
0,12849903
0,2807048
0,346012
-0,45074376
0,20305449
-0,041526735
-0,19946805
-0,45872685
-0,08003667
0,36504108
-0,009256721
0,12145871
-0,35657597
0,050591946
-0,29828504
-0,30464548
-0,24192408
-0,026138097
0,1593383
0,07032651
-0,26836124
-0,0186719
0,3992896
-0,22171411
0,19471759
-0,08468163
-0,37463945
-0,22148815
-0,33931112
-0,44838923
0,3738081
-0,39074075
-0,066006035
-0,06866881
0,17305642
0,31572998
-0,25018245
0,44723535
0,48825502
-0,33471692
-0,38949078
0,008230567
-0,1674563
0,33136123
-0,35230717
-0,18451148
0,4645558
0,30447656
-0,037057966
0,09786618
0,15471137
-0,48141387
-0,46877703
0,24846959
0,36972553
-0,261519
0,17890537
-0,4489237
-0,43392563
0,20974362
0,39841133
0,25176245
0,04736787
0,33504742
-0,0047546923
0,2957821
-0,07856357
-0,12728053
0,40757918
0,14176846
0,38961482
0,16057658
0,43189
0,31513965
-0,3391763
-0,22498944
0,08458322
-0,20003742
-0,3091971
0,4148615
0,33173805
0,07829535
-0,030247658
0,005702615
-0,20602632
-0,055619568
-0,38854876
-0,3482612
0,13600665
0,16806209
0,3797825
-0,21011853
-0,1606383
0,38117248
0,393032
-0,20032927
-0,36707962
-0,019127041
-0,15913022
0,16287225
-0,027184188
0,31304818
0,11676675
0,45890886
0,09713447
0,0043914914
-0,02826792
0,10694128
-0,4923121
-0,3715068
-0,049911022
-0,35432267
0,3242836
0,41354495
-0,10715473
-0,06683451
0,33713675
-0,3867278
0,44665563
0,123089254
0,024300635
-0,17714024
-0,45173904
-0,49956125
-0,0959329
-0,00095942616
0,23427433
0,049950242
-0,060504436
-0,34010288
-0,00048732758
-0,13725084
-0,3915395
-7,084012E-05
-0,24170083
0,23114723
0,3910187
-0,28966743
0,3805753
-0,076230705
0,3393811
0,22477365
-0,107718796
-0,4271371
0,30464542
0,19204539
0,020301819
-0,10410169
-0,14304155
-0,3524309
-0,07857823
-0,13718235
-0,17313704
0,16537923
-0,23733136
-0,13058448
-0,2790707
0,35273665
-0,15419826
-0,43738404
-0,37075743
0,07017839
-0,2357732
0,19360912
-0,25244814
0,22963512
-0,47508773
-0,17768484
-0,037920296
-0,49470237
-0,45069817
0,46007746
0,02523899
0,017210305
0,0043224692
-0,34298077
-0,47820023
-0,12075132
0,06878215
0,32558364
-0,07790622
0,048880696
0,048186183
0,45316184
-0,03874311
0,1431064
-0,18914092
-0,40321127
0,33503836
-0,06897074
0,001253128
-0,41020125
-0,19837931
-0,42424905
0,2800964
-0,2005786
0,44701475
-0,47801334
0,024718523
-0,11847329
0,07448685
-0,17120841
0,18365598
-0,14274213
0,30993629
0,39464045
-0,076467484
0,4774406
-0,2229068
0,08731276
-0,32478827
0,320455
-0,2052601
-0,057917655
-0,015501827
-0,28792247
-0,45060495
0,12003106
-0,43197966
0,07032633
0,20641476
-0,34624255
-0,010147214
0,109714866
0,33531493
-0,4955436
-0,09236857
0,38089043
0,44054896
-0,088391006
0,41103423
0,41863787
0,07226515
-0,3840274
-0,020389706
0,35040998
0,340469
0,006571293
-0,42226803
-0,43578985
0,12933993
-0,046195626
-0,1793806
-0,24396983
-0,1996057
-0,4423379
-0,4289749
0,12821895
-0,4921158
-0,11155298
-0,025516689
0,24566513
0,075166464
-0,03113556
-0,3265552
-0,100919515
0,30120105
0,45427996
0,4018895
-0,0033535957
0,34805262
-0,4004668
0,0063276887
0,23287725
-0,17808735
-0,17375308
0,24732351
-0,23942083
0,023293734
-0,20387214
-0,32364458
-0,18727249
-0,44358596
-0,28710502
-0,3639964
0,11504376
0,34770864
-0,42538643
0,03713721
0,38123846
-0,28612584
-0,4842983
-0,36176127
0,022593379
0,2710716
0,18934357
0,06481266
0,23263305
-0,47978726
-0,16733661
-0,21618101
-0,21133032
0,44413257
0,06343466
0,2766021
-0,3498338
0,4523515
0,121520996
-0,22922784
-0,49459565
-0,13958701
-0,06949487
0,38569504
-0,07927817
0,10422456
-0,39496034
0,2902785
0,028202832
-0,35327035
0,34255117
0,01830566
0,26033503
0,4706028
0,15858597
0,070207655
0,29772156
0,39479363
-0,008360565
-0,122942924
0,03145963
-0,41914186
0,058481276
0,41272902
0,20541775
-0,32969928
-0,09585035
-0,056407243
0,41407526
-0,17256433
-0,043308705
0,3183009
-0,053076297
-0,41131908
-0,093975484
-0,43235725
-0,3449549
-0,49414977
0,49137706
0,42702144
0,29468834
0,20957279
0,25028783
-0,40960988
0,17406863
-0,45073
-0,17087212
0,084385276
-0,19373846
0,12056112
0,40778744
-0,46219718
0,099017024
0,4588186
0,46162897
-0,15230289
0,2686711
-0,22991621
-0,010880977
-0,2504804
-0,10346049
0,3932075
0,2149018
0,49435657
-0,047266245
0,06360179
-0,078404605
0,1345067
-0,2222696
-0,378022
0,07551539
-0,38718554
-0,096930146
0,36235964
-0,1302408
0,44895053
0,06875837
0,4174145
-0,3129211
-0,14984682
-0,16565347
0,4028836
0,37658
0,44446963
-0,49315766
0,076823056
-0,28613806
-0,19395736
-0,09967354
0,17714816
-0,13412854
-0,070115685
0,2280348
-0,05836886
-0,09228161
-0,04352376
-0,40395746
0,4663695
0,21765316
0,2580973
0,47037458
0,26451164
0,043063223
-0,13184652
0,49821037
-0,28256744
0,35455257
-0,3900837
-0,2541287
0,23551232
0,021039486
0,36178166
0,43175113
-0,024724215
0,03186333
-0,20066762
-0,366145
-0,32521003
-0,22990221
-0,19651648
0,43535006
0,49811554
-0,22326702
-0,014586091
-0,4012743
-0,30971783
0,33529884
0,24176437
0,29086906
-0,13278216
-0,35539603
-0,28876904
0,18614489
0,016954958
0,34886342
0,28690964
-0,4474682
-0,03198093
0,061261654
0,11742717
-0,063687176
0,015410721
-0,40247864
-0,49782452
0,36538756
-0,4822095
-0,12545264
0,25350022
-0,06797841
0,12651265
0,22433484
0,42855912
-0,1073502
0,006219566
0,07788968
0,22010028
0,11536932
0,07509309
-0,48146892
-0,037995785
0,48234707
0,13704652
-0,0018178523
-0,32035124
0,062741816
0,27949882
0,42445475
0,07920766
-0,16716167
0,1286642
-0,29820845
-0,078240305
0,43070424
-0,09812483
-0,10070449
0,360945
-0,04535386
-0,36112574
0,35066396
0,073613405
0,017997265
-0,4801013
0,488302
-0,38500634
0,013353109
-0,30865183
0,22544497
-0,28452623
0,4549033
0,29739666
-0,45255634
-0,16427976
-0,24131706
0,008650005
-0,27869546
0,053483665
0,2522201
0,20175916
-0,18584532
-0,42709136
-0,2570062
0,42601985
-0,20210975
0,04249078
-0,277107
-0,09723532
0,2157672
0,09400904
0,19446498
0,027240336
0,26449
-0,35074207
0,19992763
-0,37908062
-0,17269617
-0,03990227
0,1300525
-0,05624795
0,10837555
0,23273653
-0,12917006
-0,047764778
-0,07239938
0,29850698
0,10680318
0,23041534
0,4847942
-0,29441777
0,37454456
-0,37502146
0,2113105
0,49166405
-0,24696848
-0,39367446
0,0016963482
-0,37683028
-0,28842187
0,1252625
-0,04705569
-0,18625727
0,3269288
-0,33378744
0,14036453
0,30683917
0,47601193
0,24090266
0,28857344
0,34198773
0,01752603
0,18819416
-0,33362293
0,21897626
-0,47258434
-0,17713615
-0,22827104
-0,121129185
-0,43370658
0,45950907
-0,42021716
-0,09553766
0,14980185
-0,14186919
0,453552
0,14982307
0,17931819
0,4937086
0,01887387
0,1613853
-0,3813432
-0,14499506
0,25393987
-0,18330914
0,2517014
-0,13785231
0,37186044
0,1910181
0,100135565
-0,31783366
-0,24006152
-0,062052548
-0,17668709
-0,33181164
0,39127052
-0,043294877
-0,028473973
0,056711614
0,42734736
-0,17200023
0,20542914
0,327213
0,03519243
0,1039834
-0,47776678
0,003638804
-0,017199665
0,35290903
0,12459266
-0,07993385
0,10960424
-0,2111148
0,43291998
0,09725511
0,2641678
-0,22391585
0,36333448
0,013420701
-0,31875938
-0,08285776
0,43775976
-0,45857498
0,3045345
-0,22537726
0,37963003
0,15061796
-0,4534219
0,15605146
-0,4447466
0,3598019
-0,4827654
-0,38845766
-0,3780231
-0,34647077
-0,38587686
-0,23690021
-0,4802403
-0,2617464
-0,2033233
-0,15091562
0,29153275
0,25502425
-0,19716579
-0,4259175
0,23553532
0,0011639595
-0,4444484
-0,2110514
-0,41936383
0,25393468
0,23912114
0,0491789
0,19291443
0,3929692
-0,36209437
0,11348063
0,16105759
-0,0027278066
-0,109847546
-0,29989034
-0,24918443
0,1833092
-0,4549091
-0,31576976
-0,40961102
0,18746263
0,31536382
0,34953952
-0,04097736
0,4883229
0,17369491
-0,36675283
-0,062680244
-0,11977592
-0,24673146
0,38634324
-0,13138026
0,32026684
-0,097127706
0,087456584
-0,06882617
-0,3884837
-0,008044958
0,07718229
-0,1529094
-0,29196677
-0,08939916
-0,23040295
-0,42383426
0,12992841
0,1861288
0,05224341
-0,021441549
0,4635669
0,031001508
-0,20521113
-0,33458525
-0,11612344
-0,2154809
-0,13408765
-0,07300919
-0,4365625
-0,45012924
0,32598954
-0,3491431
0,25819534
-0,15502542
-0,10938305
-0,2523309
-0,026121497
-0,2548995
-0,13533172
0,01161176
0,15842557
-0,31489795
-0,31684238
-0,005771756
-0,39801618
-0,1576384
0,21436703
0,3360576
-0,112154365
-0,105722934
0,026220381
-0,10925844
0,4259296
0,29024547
0,05342233
-0,025983423
-0,4309621
-0,44806463
0,051957905
0,2583273
0,30989313
0,17288417
-0,34710875
-0,0018038154
0,17781317
-0,0022156239
0,32575923
0,13261747
-0,079080135
0,33149683
-0,4174375
0,16693091
0,052429616
-0,46963292
-0,47155824
0,11513758
-0,24594358
-0,43944195
0,39576548
0,43110645
-0,4073252
0,4125265
-0,43031627
0,48221153
-0,44214416
0,1455217
-0,23894021
-0,41353798
-0,25852624
0,17663544
-0,2309033
-0,3241517
-0,17513588
0,41394097
0,018406272
-0,3478157
0,047049284
-0,3231302
0,19540918
-0,41731274
-0,081239045
0,23485959
0,18815088
-0,012607038
0,31606305
0,24697661
0,33481795
0,38266194
-0,46679494
-0,120612085
-0,055413008
-0,1775437
0,38751942
-0,4066922
0,33508795
-0,41857332
-0,2926843
-0,07490146
0,41153854
0,038387716
0,17174792
-0,19784153
0,43812323
0,31917727
0,14031285
-0,07949835
0,15182388
-0,45012188
-0,41034728
-0,08315343
0,34983414
0,29225445
-0,2699444
-0,37367034
-0,116687804
-0,3600428
0,062493324
-0,46531424
0,2515586
0,22385979
-0,49906403
0,13561153
0,0008673072
0,46054894
0,13681597
-0,089939594
-0,27919406
-0,009309918
-0,24255723
0,23300499
-0,32469732
-0,32307106
0,2643028
0,49992478
-0,42898372
0,40904957
-0,11194795
-0,117002875
0,14363235
-0,14444491
0,00078618526
-0,38447
0,100972295
0,24891889
-0,24688691
-0,17071086
0,10967326
0,11180389
-0,112700015
-0,11447519
-0,20827055
0,062722325
0,05245495
0,11115891
-0,38461956
0,110383034
-0,4216713
-0,099939704
-0,46563584
-0,37677482
0,03651768
0,15558618
-0,2194618
-0,08578369
0,23504305
0,3533346
0,23605198
0,03201574
0,478912
0,12997192
-0,17125851
0,0062815547
0,15386587
-0,24795634
0,22928995
-0,32775214
-0,45711124
-0,0066052675
0,008536518
-0,17000479
-0,22038972
-0,4667866
-0,4663895
0,30927002
-0,19766629
0,22638047
0,3667305
-0,00275293
0,18421805
0,041619897
0,03319359
0,41954702
-0,1298725
-0,013252109
-0,13326257
0,3074605
0,19113326
0,49657786
-0,1543563
0,41129535
0,09937161
0,07168239
0,1247372
-0,2908743
-0,36001402
-0,21834117
0,097397745
-0,44702262
-0,18201724
-0,06785649
-0,26547462
0,4979037
0,08635515
0,07666832
0,18088603
-0,031493723
0,056509852
0,17500973
0,22988659
0,03192234
-0,48358783
0,1259098
0,49075603
-0,08143097
0,1285767
0,06507903
0,22785753
-0,34458423
0,29242086
0,115544915
0,42574704
-0,26883337
0,394651
-0,0027912557
0,3394366
-0,356097
0,2451567
-0,07222593
-0,2027182
-0,4135918
-0,23302278
0,0689674
0,45152432
0,36748636
0,0880847
0,042030394
0,417166
-0,103019565
0,013621926
0,09200382
-0,37512165
0,21155518
0,030676365
-0,10407287
0,050134122
-0,05152908
-0,15958503
0,490582
-0,022778124
0,16270971
0,17389804
-0,4532273
-0,3476447
-0,27084598
-0,30316675
0,43565166
0,22361976
0,4728672
0,12564224
0,04397279
-0,036870927
0,3933218
0,4519683
-0,48779842
-0,036816746
0,36566907
-0,4581443
-0,36820298
0,4863088
0,046864986
-0,2847433
0,3274911
0,2626862
0,2483648
-0,2308529
0,20773572
0,22889352
-0,19315669
0,13465714
0,048274457
-0,077965975
0,29355466
-0,24730834
-0,2696614
0,34135908
-0,088378936
0,21024281
-0,32887775
0,113538265
-0,1455206
0,17762029
0,057677925
-0,33123976
-0,30574208
0,45198655
-0,39752626
-0,46011752
0,05512309
0,33684283
-0,103487015
0,15744585
0,44690156
0,062936604
0,16583145
-0,10161728
0,48623192
0,09473336
0,48886997
0,14702493
-0,1580207
0,092078865
0,16553915
0,3603766
0,02303505
-0,2608593
-0,23771271
0,29113716
-0,076666355
-0,4751624
-0,06488228
0,15962434
-0,0273678
0,021445692
-0,15047166
-0,2949967
-0,19479597
0,39499247
-0,32601377
-0,47192177
0,15107882
-0,071468264
0,2928555
-0,44894224
0,07379174
0,050644815
-0,29166293
0,22509032
0,4647606
-0,17756519
-0,09220916
-0,114709556
-0,16228855
-0,350308
0,17025775
0,33561486
0,31853414
0,49412167
0,29177278
-0,27661142
0,29134047
0,17826444
-0,42389923
0,38972533
0,023338318
-0,46791142
-0,22127742
0,1969139
-0,13663241
-0,42314124
0,3015653
0,09912324
-0,4031948
-0,0698528
0,30770123
-0,2327441
-0,29409516
-0,05013901
-0,3432082
-0,37046218
0,2518177
0,117592156
-0,13974744
-0,44625157
0,38501513
0,34577662
0,121879876
0,07867348
-0,40843117
-0,07617661
-0,36029977
-0,09595764
-0,3426076
0,00548321
0,42280763
-0,09937397
-0,28673345
-0,25030738
0,2987463
-0,17958906
0,22759742
-0,05963233
-0,25861773
0,43795496
0,26511908
0,29364645
0,40177727
-0,31218138
0,2150327
-0,21695793
0,026445448
-0,41417682
-0,13091183
-0,28677028
-0,080213666
-0,028982103
0,21652871
0,24190867
-0,37810776
0,4682998
-0,4698232
-0,22365102
0,14598954
0,1375305
0,33846647
-0,22365671
0,043528676
-0,44674176
-0,094050914
0,051184237
-0,33420873
-0,3404086
0,12456226
0,03298241
0,30338275
0,4963885
0,16536766
-0,23584825
-0,098383665
0,16749388
0,061670303
0,2572534
-0,30586255
0,24273574
0,17928362
-0,15390682
0,44798064
0,41115916
-0,21736619
-0,0042209327
0,20106256
-0,30090386
0,39077348
0,34038007
-0,40771145
-0,3041176
-0,22377402
0,41983348
-0,49638492
-0,45427248
0,113595545
-0,20574239
0,3730244
0,13279372
0,109941185
-0,3669399
-0,49481493
0,4383511
-0,1356234
-0,31052318
0,117453575
-0,27472812
-0,26639384
0,24825543
0,037033916
-0,41039425
0,38095105
0,14103782
-0,49191839
0,394198
-0,25206268
-0,039237827
0,17119688
-0,12838417
-0,24850145
0,20513421
-0,2007963
0,22936589
0,21851069
0,41876793
0,09356904
-0,38690352
0,42410225
0,15789127
0,0028873086
-0,31530446
-0,3234392
-0,156495
0,09689069
-0,1696676
0,16039157
-0,49625975
0,27108115
0,47716367
0,42900056
0,082216024
-0,35247147
-0,13778809
0,22589189
-0,10011974
0,44447744
0,30787122
-0,18605965
-0,4336689
-0,09820974
0,06464696
0,1934799
-0,36586538
0,25585192
0,1604917
-0,17184907
0,34081936
0,15602827
0,4489661
0,4807254
-0,31721807
0,25774032
0,2547086
0,23230982
0,40123188
-0,44068533
-0,21974641
-0,38038975
0,04709369
-0,1061483
0,19224471
0,30932093
-0,30013973
0,25485992
0,10609555
-0,11728835
0,04207641
-0,48633325
0,19814706
0,27339542
-0,28633612
0,046221077
0,49897963
-0,036651254
0,022947073
0,37628126
0,49603963
-0,25131333
0,23042387
-0,17286897
0,13038754
0,42147905
-0,4466678
-0,33987832
0,48613536
-0,40128815
0,31715912
-0,40393853
0,3073007
0,46683812
0,3312794
0,10579759
-0,06860167
-0,07966229
-0,1678023
0,38917673
0,22752512
-0,24421433
0,011454761
-0,022110194
0,028465688
-0,09538841
-0,47917822
0,20109838
-0,47762656
-0,03148955
-0,16560715
-0,4594445
-0,36145175
0,43594235
0,25494355
-0,38772786
0,44734085
0,30035985
-0,27592063
-0,30065528
0,47935694
-0,017842174
-0,091826856
-0,023233026
0,18505752
-0,26683348
0,3505007
-0,18915847
-0,13657624
0,112303436
-0,31284243
-0,15480325
-0,18969116
-0,29850048
0,049571455
0,15460187
-0,40309733
-0,4339831
0,11601275
0,33518535
0,4263692
0,20307875
-0,27724355
-0,20781249
-0,39526337
-0,20498464
-0,2330009
0,20998919
0,23368025
0,26700932
0,36132348
0,4793288
-0,1675044
0,31243998
0,19131017
0,11677915
0,2476883
-0,09295815
0,29073477
-0,48876047
0,07214069
0,3918755
0,2608717
-0,08662376
0,31439066
0,48085028
0,4434263
0,41287857
-0,29616714
-0,16740239
-0,28553772
0,18509585
0,36746728
0,19529009
-0,14526048
-0,4438929
0,45232922
-0,2585801
0,19556582
0,25927407
0,13838828
-0,0024842918
0,028577745
-0,42327437
-0,020663112
0,44311786
-0,26744682
-0,3690803
-0,023488194
0,045564294
-0,39785165
-0,034300715
0,101281226
-0,0069681406
0,44897348
-0,014781654
0,073078156
-0,442101
0,2357955
-0,45142037
0,2433117
-0,47048864
-0,18719286
0,46287632
0,108900964
-0,21853596
-0,4836831
-0,10574326
0,09762341
0,08507377
-0,22408018
0,48467547
-0,16331127
0,46807295
-0,3487894
-0,029129088
0,31107795
0,40567642
0,0017569661
-0,10313064
0,14017653
0,38888806
-0,38748285
0,0076756477
-0,4897303
-0,2633326
0,48397076
-0,2860458
0,2502511
-0,36203337
0,4517036
-0,2881971
0,079640746
0,40798467
-0,27970278
-0,087078065
-0,07259163
0,06479132
-0,13782445
-0,47378528
0,18278962
-0,42708912
0,45295495
-0,4632828
-0,04100588
-0,27362114
0,2809199
-0,15118387
-0,17867297
-0,19720757
0,29363436
-0,23636937
0,20921558
0,30198348
0,36542404
0,42623895
-0,05332312
0,3549943
0,4602372
-0,30432758
0,28808045
-0,031510383
-0,25007176
0,4234755
-0,014278144
0,49963963
-0,2576881
-0,1589168
-0,06993052
-0,45454717
-0,11169565
-0,49956492
-0,42252553
-0,47902855
0,1446479
0,39019442
0,422593
0,1476655
0,014642835
0,07754439
0,3833022
0,46641004
-0,20942876
-0,23189929
0,09944844
0,16777074
-0,42277175
-0,38542786
-0,39761528
-0,23489186
0,13645148
0,41802198
0,39102006
-0,42273128
0,2706626
0,05862695
-0,16296354
0,041073322
-0,09670374
0,47909135
0,34283096
0,3921774
-0,09630287
-0,066646785
0,31771052
-0,3566059
-0,46819478
0,35681868
0,45690745
-0,16784784
-0,2174775
-0,4573766
0,18242162
0,1145708
-0,3302613
-0,099892914
0,061804235
0,03171277
-0,3688643
0,40557623
-0,33277768
0,32053226
-0,24697831
-0,41446778
0,048783958
-0,33046532
-0,30755422
0,0111916065
-0,4021284
-0,30697227
-0,3894247
-0,14677083
-0,34421188
-0,1773169
0,4523356
0,31970632
0,083024204
-0,3517109
-0,17221108
0,20375735
0,081256986
0,30347693
0,31073916
0,3132136
-0,09712133
0,02798891
0,07370126
0,4913336
-0,11558503
-0,024637967
-0,16766527
-0,49896494
-0,37010372
0,2644304
-0,27521276
0,33459216
0,01867336
-0,47960803
-0,011403799
0,022630215
0,337556
0,32234603
-0,41520318
-0,08305597
0,36278582
0,39945024
0,44544417
-0,13330972
-0,45897287
-0,024235219
-0,34389824
-0,107037336
0,19060189
0,44280678
-0,1683012
0,2975101
0,29158378
-0,03976968
-0,024000853
-0,49962997
-0,4635443
-0,37860587
-0,20125562
-0,45398057
0,31063133
-0,45914593
0,4047271
0,2903512
-0,13158956
0,47901857
0,10016745
0,16037071
0,06553638
0,45382833
0,12812376
0,2206868
0,2719149
-0,23813483
-0,020030588
-0,26906344
-0,43370673
-0,45106372
-0,13933936
-0,09086779
-0,1230931
0,06893927
-0,116321385
-0,088716894
0,0034640431
-0,31368893
0,49514455
0,15474969
-0,3924861
0,12428379
0,34439826
-0,08375734
-0,2583385
0,18748367
0,20753175
0,34667486
-0,46699387
-0,27559125
0,3793316
0,17636865
0,009303212
0,23105907
-0,4375459
0,24952173
-0,21609786
-0,24938646
0,25593752
-0,11218351
0,16121948
0,0026788712
-0,04657647
0,39072895
0,28581554
0,3793146
-0,26685783
-0,13556948
0,09089601
-0,18488681
0,47795123
0,1399033
0,4543792
0,12108916
-0,2464441
0,38574314
-0,057807416
0,47247422
-0,40620515
0,018360734
0,30879956
-0,06511369
-0,36573577
-0,33793217
-0,28934634
-0,18317857
0,26441205
-0,07110062
0,1780169
0,033615887
-0,031663507
0,07695496
-0,18021283
-0,03300965
-0,09718925
-0,22685835
-0,3784808
0,35138023
-0,1350843
0,14861417
0,22358364
0,026242077
-0,2226446
0,4995908
-0,02890107
-0,4411814
0,12435162
-0,44046956
-0,31405985
-0,38893998
0,17480862
0,06392205
-0,33762407
-0,06981933
-0,37365478
0,1705898
0,0854733
0,24666286
-0,036190897
0,1862039
0,1618818
0,4148543
0,485663
0,31711453
0,15920508
-0,16681916
-0,2120373
-0,3941256
-0,21209082
0,29632282
-0,44647855
0,02391547
-0,33723977
0,44012266
-0,11930311
0,48478234
0,2840606
-0,36323702
0,48366988
0,14248103
0,42631036
0,2994871
0,49320936
0,18620366
0,453403
0,023710012
0,12771165
-0,05407679
-0,24103528
-0,2370612
-0,123820364
0,3764354
0,42486888
0,34992367
0,42248565
-0,41257024
-0,20691574
0,25364077
-0,0722428
-0,1458936
0,47536117
-0,09721547
0,22676945
0,49998736
0,2406925
0,06823146
-0,48426625
0,20595884
-0,23590103
0,0892176
-0,48683274
0,042419434
0,13659745
-0,4623895
-0,102210134
-0,30304682
-0,23910353
-0,14090914
-0,28497148
0,22032285
-0,47658172
0,16580218
0,44525486
-0,35957026
-0,08130866
-0,1476314
0,022334993
0,08109701
0,24339211
-0,4766182
-0,414559
0,27797556
-0,12819746
-0,24506992
0,48796648
0,047199488
0,09037584
-0,16869533
0,3482157
-0,28429878
-0,0504207
-0,26583326
-0,41924423
-0,23545212
-0,03957796
-0,092986256
-0,07931164
-0,27840692
-0,43055913
-0,19416285
-0,21907637
-0,17915267
-0,090339035
-0,37152874
0,08339858
-0,10497126
0,33926028
0,4218179
0,34382063
-0,41775298
-0,39985785
0,4561411
0,2845112
0,02105546
0,08333993
0,11071336
-0,28667223
-0,4805049
0,10761541
-0,15759668
0,48498768
0,28527164
0,20410568
0,18179047
0,1022225
-0,4173652
0,12720293
0,064049244
-0,40887976
-0,49952367
0,39093405
0,26711947
0,27208
0,26244086
0,029959202
-0,08392924
0,06663567
-0,4514641
-0,31909245
-0,430363
0,09108573
0,037440896
-0,23897529
-0,057576746
-0,30971038
-0,20070705
0,30461377
0,33105266
0,34526163
0,13334769
-0,18840995
0,33463913
0,012810469
0,002839446
0,43632835
0,16973788
-0,2983032
-0,058544427
0,4091338
0,1242553
0,3947519
0,12948704
0,042254865
-0,40090504
0,20476782
0,29441243
-0,26448858
-0,014728934
0,3774417
-0,2112731
-0,3531146
0,3606006
0,4968511
-0,471037
-0,48085296
0,3334471
-0,06942862
-0,33295006
0,48553586
0,34422153
-0,17418724
0,33785874
-0,48632956
0,0022057295
0,051905274
-0,35559714
0,36994034
-0,03501314
0,44070303
0,41813678
-0,40249535
-0,17734915
-0,038302273
-0,10842422
-0,026822358
0,3243559
-0,09993911
0,4406464
-0,004204154
0,338045
-0,4008211
0,24424481
-0,48932603
-0,021548927
-0,4622201
-0,08247453
0,44621956
0,17495602
0,14658129
-0,040299118
-0,092057794
0,10765833
-0,28025043
-0,3093943
0,34774137
0,2707991
0,35033965
-0,04090908
0,22870684
0,07059932
-0,38805822
-0,05414641
-0,4107273
-0,42558604
0,35363364
0,2810772
0,43131292
0,46744454
-0,41587648
0,30506504
0,090809524
-0,05421993
-0,26398253
-0,49513787
-0,06507906
-0,38607907
0,07433778
-0,07842624
0,22146422
0,3399641
0,29144126
-0,028486699
-0,48156774
-0,38294733
0,060159504
-0,01880008
-0,078969926
0,23507154
-0,30006197
0,29609495
-0,02645412
-0,21964529
-0,48505533
-0,13875028
0,4405468
0,35256714
0,3435151
-0,3421172
-0,17995268
0,025144339
0,22809976
0,10457128
-0,19542551
0,40483236
-0,32030678
0,21809769
-0,48558968
-0,0779376
-0,2425619
-0,12816378
-0,4493161
-0,49522516
0,4843939
-0,49419612
-0,047549993
0,36488372
0,08439839
0,09473699
0,018308818
-0,18802893
-0,31377304
0,15548217
0,300793
-0,48294267
-0,3014012
0,007535994
-0,07985413
0,46972078
-0,20528063
-0,3969385
-0,2662973
0,13230145
-0,03613758
0,35907388
-0,13801324
-0,45654166
-0,40365392
-0,4287843
0,052856088
0,40022206
0,41430295
0,13486892
0,22338444
0,25995475
0,49170578
0,32479745
-0,19980448
0,122030854
-0,2199198
-0,2652056
0,36994016
-0,46514624
0,07804668
0,1840232
0,3651834
0,043008626
0,12987018
0,10310966
-0,0076670945
-0,45425573
0,31817693
0,2782734
-0,12714058
0,0210796
0,13519496
-0,26695934
-0,45245162
0,45377606
0,15933341
-0,050057232
-0,33453065
0,38676178
0,13997853
-0,31403565
-0,060332984
-0,41985255
-0,38820592
-0,1764189
0,15596884
0,46192962
-0,25131297
0,10873014
-0,04602292
-0,035770983
-0,24008858
-0,1411595
-0,021323353
-0,33973134
-0,28770363
-0,3588312
-0,23751184
-0,15503463
0,036486566
0,096945286
-0,26742554
-0,40404597
-0,32748705
-0,19947341
-0,27341706
0,094154716
-0,11150509
-0,4808837
0,33364242
0,23881942
-0,4097381
-0,46178228
0,24898195
0,4966429
-0,058555186
0,45803952
0,45398372
0,43251926
-0,004502088
-0,032943696
0,052889407
-0,21977785
0,4252326
-0,30038115
-0,0018332601
0,21035987
-0,29782596
-0,3247841
-0,1764633
-0,3745402
0,2031917
-0,0036232471
-0,27368027
-0,10991368
0,1845752
0,30686557
0,40280604
0,1525392
-0,33700496
-0,45219356
-0,36548212
-0,1924761
-0,41290426
0,38532537
-0,4761923
-0,3496253
-0,14916912
-0,11432958
0,49092144
-0,03652832
-0,22502449
0,31269324
-0,25384736
0,28671467
0,44836605
0,45891267
0,23149145
0,33542168
0,17222434
0,18417418
0,14023048
-0,43171424
-0,41592777
-0,46851876
-0,45137444
0,03767526
0,48428595
0,014575839
0,36667025
-0,35285312
-0,0136268735
0,40570402
0,10569048
-0,3611962
0,43413824
-0,46093598
-0,4439124
0,16895074
0,32647383
-0,29715052
0,10650754
-0,32441887
0,18670893
0,21524328
0,48142523
-0,47802797
0,38652146
-0,30991048
0,031800926
-0,44901147
0,16927165
0,09471518
0,22256619
0,39538687
-0,2761883
0,21848094
-0,181773
-0,08512762
-0,059063464
-0,44661722
-0,088537574
0,44525522
-0,31140435
-0,22342613
0,34142137
-0,14080673
0,28208417
0,14686865
0,3276708
0,27836818
0,28591698
-0,49686268
-0,331093
-0,0077549815
0,21828848
0,37388986
-0,26703724
0,4696386
0,33314997
0,25870746
0,3907382
-0,24606735
0,3117283
-0,19800729
-0,31665975
-0,3617844
0,4819575
-0,25168437
0,21143413
-0,23744226
0,12268567
-0,43200403
0,004875481
0,36567461
0,47065234
-0,10670772
-0,12291497
0,12637365
0,07111442
-0,44718477
0,2940513
0,01841247
0,16863728
-0,23073828
0,17288703
-0,21915126
-0,4006952
0,024959505
0,074792504
0,46264625
0,16879344
-0,058563203
-0,49584278
0,2981066
-0,009256363
-0,06650627
0,2829529
0,40421206
-0,49126038
0,2641706
-0,28530535
-0,15687338
0,14846295
0,3254105
-0,17789802
0,0649873
0,0054048896
-0,45788234
0,039319754
0,009794474
0,11457121
-0,44656745
-0,20547274
-0,023116708
-0,42106763
-0,48965257
0,20185912
-0,3352866
-0,30023527
0,4698696
0,24325728
0,43366998
-0,30390543
0,22504318
-0,058191568
-0,3999336
-0,26202497
-0,427568
-0,20546967
0,103376985
0,20672989
0,36372787
-0,3703096
-0,4840272
0,4655357
0,040946126
-0,20542061
-0,19324312
-0,17594197
0,18539697
-0,28361845
0,020570576
0,21215862
0,25069797
0,33956528
0,13215584
-0,19856879
-0,28162712
0,006154597
-0,02085051
-0,36984128
0,33582938
-0,15414318
-0,14657035
-0,12382847
-0,06050396
0,0948261
-0,4247898
-0,40675417
0,19852298
-0,047487527
0,26363736
0,3909905
0,35546088
0,09082693
-0,24910843
-0,35749325
0,45467412
-0,18806922
0,42797375
-0,3098654
-0,2489911
-0,12857965
0,45926595
0,35521847
0,21605563
-0,20311603
-0,1409145
0,27271348
-0,08965659
0,18626589
-0,26517984
-0,22553739
-0,37104756
0,49215233
0,3853175
0,37065256
0,4712003
0,18283862
0,060626805
0,14075965
-0,061146855
-0,22180045
0,27798164
-0,45537594
0,3911643
-0,45499688
-0,4629789
0,4782384
-0,26682448
0,48772877
0,28311998
0,46359473
0,11682516
-0,14755967
0,38983732
0,31128627
0,36977834
0,1811145
0,34862965
-0,46213588
-0,47865006
0,34487528
0,06739861
-0,12354538
0,30057132
-0,38451436
0,15511829
-0,10754946
-0,18732536
-0,42310902
-0,29060376
-0,12539619
-0,14553341
0,3991987
0,22301489
-0,37343913
-0,297711
-0,2103338
0,46619576
-0,34405094
0,2935338
0,08616269
0,1312353
-0,36136448
0,27357185
0,2082476
-0,123791516
0,43996692
0,15721136
0,2960512
-0,11180651
-0,018853992
0,20148498
-0,4996231
-0,29816222
0,390364
-0,3146662
0,49061137
-0,12793612
-0,26458102
0,46533608
-0,032082617
-0,2839315
-0,4463359
-0,3596001
-0,17399964
0,17292768
-0,096206665
0,07000959
-0,0014306009
0,37415385
-0,47054148
0,33284795
-0,1682376
-0,0795314
-0,054373294
-0,23817334
-0,08438629
-0,33182228
0,46278882
-0,16404194
0,059750855
0,15186614
-0,10937655
0,080545664
-0,4147535
0,2018745
-0,07981312
-0,12507635
-0,38130122
0,23758739
-0,20795405
0,30151564
0,11821139
-0,44549888
-0,05178663
-0,34627685
-0,2352947
-0,23461261
-0,3538289
-0,048731208
-0,46289092
0,1148777
0,18264425
0,41235518
0,0025753975
0,28674465
0,21906453
-0,39346522
0,37944221
-0,45046926
0,449933
0,47066557
0,19638741
-0,21933672
-0,4615532
0,054249406
0,023372233
0,356655
-0,46836632
-0,08018559
-0,078594744
0,18190879
0,48106503
-0,108644456
0,23204952
0,0255934
-0,25959998
-0,3907546
-0,11032665
-0,29242563
0,12661129
0,39818633
0,47156763
-0,49560001
-0,21563923
0,13170767
-0,32710436
0,06126827
0,0836162
-0,001251936
-0,14458203
-0,17235643
-0,32964444
0,19961518
-0,43662852
-0,09147602
-0,26097354
0,25757182
0,3345543
0,12411505
-0,120538116
-0,43203905
0,4647773
0,47391838
-0,3544568
-0,3623724
-0,17490661
0,28598034
0,41813534
0,051865637
-0,30949634
-0,23057005
0,21415812
0,049256325
-0,39918286
0,015604734
0,47577208
-0,10460013
0,024236262
0,22565228
-0,28270292
0,11236739
-0,15347841
0,051629066
0,45682585
0,24285078
-0,45020735
0,412107
-0,05568847
-0,49544972
-0,18650994
-0,09462437
-0,17372632
0,31086624
-0,29921907
0,08270043
0,20646101
0,31511164
0,22020179
-0,12111059
-0,47650093
0,31380743
-0,39745763
-0,46593505
0,33059382
-0,19584316
0,20778579
0,41029823
0,32127285
0,47608995
-0,36479086
-0,23078042
-0,49689615
0,28809774
0,39980114
-0,31185243
-0,47306615
-0,012692243
0,34145927
0,37610662
0,06655717
-0,36515343
0,35378122
0,49646598
0,43709493
0,050595343
-0,4406529
0,3234669
-0,056639314
0,0974493
0,0023112893
-0,21082333
0,30205244
-0,36672294
-0,04497683
0,29733056
-0,45080167
0,17317766
0,41611183
-0,32109928
0,12963557
0,17439836
-0,37104714
0,2650872
-0,45297346
-0,05309865
0,34332812
-0,3703001
0,29008198
-0,23882172
-0,19474083
0,13911784
-0,005996555
0,028488398
0,232059
0,466187
0,41100848
0,32787347
-0,37576237
0,33859712
-0,15611902
0,010530353
0,47343755
0,068478525
-0,42020813
-0,32099307
0,43978208
-0,43578097
0,23503661
-0,4617261
-0,43286973
0,42484808
-0,32884818
-0,25978
-0,12155703
0,22735697
-0,45493478
0,24324918
0,38963056
0,36086625
0,24710834
-0,21084487
0,086461365
-0,42881504
0,026664615
0,07761657
0,32026887
-0,3969375
0,43666875
0,28441876
-0,29966652
-0,14677614
0,057969928
0,447832
0,19884962
0,27625644
-0,06459421
0,056047678
0,26353222
0,4077258
0,32580525
-0,46337077
0,035632253
0,058303654
-0,38140404
0,44453984
0,22913367
0,3918445
0,35539162
0,46347857
0,37283766
0,31650633
0,11409217
0,23844051
0,43880457
-0,18324763
-0,4241994
-0,05698353
-0,05287245
0,17192858
0,4998079
0,19314522
-0,28361827
0,46163613
-0,40105608
-0,23921037
0,46024764
0,3379699
-0,26289544
-0,09164441
-0,17609295
0,11991
0,22174478
-0,425593
0,064971566
-0,17975453
-0,06867528
-0,47214404
0,08426392
-0,063263685
-0,13344851
0,4062956
0,0060797334
0,21757525
0,1792503
0,3962679
-0,1364961
-0,22262374
-0,002092868
0,0018218756
0,3810451
0,019277692
0,24566197
-0,20046166
-0,0048849583
-0,41674563
-0,10063723
0,4509408
-0,18031883
-0,22761342
-0,1626668
0,12482649
0,0010150671
-0,06761515
0,4513619
-0,06786618
-0,4707374
-0,19327417
-0,022896528
0,41367626
0,024047017
0,42178977
0,3917507
-0,40198243
0,25849319
-0,07043457
0,0052984357
-0,42461753
0,38689578
-0,09217262
0,47966802
0,36641735
-0,20495877
0,42959827
-0,212829
-0,23320585
-0,19561294
-0,4514219
0,08499825
0,0789485
-0,4232338
-0,042722523
0,4582134
0,30547863
0,24031067
0,48467195
-0,26893735
0,17241877
0,351465
0,13441414
0,050733507
-0,3443396
0,048796654
0,1437658
0,033763647
-0,38078934
0,18115854
0,14748156
0,07702941
0,11095762
0,27089256
-0,11822823
0,10073942
-0,19149703
0,37805748
-0,18949991
-0,07281107
-0,15764228
-0,1871624
0,22987205
-0,11020768
0,13683164
-0,14640716
-0,32584843
-0,1762628
-0,22699928
-0,46387953
-0,27457374
0,22741967
0,2886281
0,14866638
0,30637002
-0,23670945
-0,17028207
-0,39628118
-0,45498723
-0,39615202
0,1308701
0,35613883
-0,2234166
-0,13786736
-0,38447815
-0,152601
0,14555359
-0,033476412
0,10105586
-0,08369163
-0,1726689
0,03857994
0,051814795
-0,4399618
-0,18391615
0,4828086
0,17223161
-0,21526712
-0,028335065
0,13927013
0,0023890734
0,0173648
-0,20700663
0,323817
-0,35418117
-0,32933533
0,43342006
-0,4585654
-0,033536375
-0,4812414
0,06451166
0,3938734
-0,21842206
-0,4409153
-0,030107379
-0,2860396
0,0597288
0,12592435
-0,049114406
0,14468634
-0,2869019
0,17186582
-0,08381599
0,013355315
0,41289264
-0,045040637
-0,2963037
-0,0067259967
0,25155616
-0,38948873
-0,4208747
-0,36648855
0,3325889
0,1714533
-0,006342888
0,14659315
0,47426593
-0,11401713
0,0054193735
-0,19997567
0,48731917
-0,2212593
-0,2578641
0,29589486
-0,38314202
-0,26239675
0,12762487
-0,48831296
-0,051677287
0,20958596
-0,045342207
-0,2211352
-0,049566448
0,31248188
-0,020792305
0,33683395
-0,4316902
0,031042874
0,44095665
-0,048354447
-0,17263418
0,16031575
-0,32047397
-0,33476144
0,13365972
0,4618246
-0,18389556
0,39624757
-0,26276442
-0,021741092
0,18996638
0,11165792
-0,34795934
-0,44343352
0,407328
0,094226
-0,23796993
0,45201045
0,0022351742
0,044718683
-0,18400913
0,11827463
-0,24131927
0,18077046
-0,49819565
0,075973034
0,007267475
0,44529963
0,40244633
-0,32950294
0,0318923
-0,31053615
-0,099344075
-0,44910356
0,13524705
0,17471647
0,030099213
0,43964845
0,09275401
0,39298725
0,25442952
-0,3745235
-0,4830324
-0,26489294
0,43919355
-0,11985302
-0,11918798
0,039875627
0,04375887
-0,33442837
0,44777858
-0,24116325
0,33211917
-0,30622962
0,2683552
-0,37904492
0,4255578
0,29810345
0,2495715
0,1559689
0,14432931
-0,17751175
-0,07887885
-0,47406188
-0,42344257
-0,089432746
0,27935153
-0,09549436
-0,09249723
-0,46073645
-0,34931326
0,39838958
0,19274926
0,064606965
0,056184113
-0,47312284
-0,4898974
-0,04523942
0,0049966574
-0,08859447
-0,018768638
0,2522149
0,29700685
0,042292535
-0,17111191
-0,4678325
0,32623625
-0,30230665
-0,06185162
0,22428101
-0,444587
0,17873144
0,15063387
0,33802783
-0,06330711
0,27554083
0,49399906
-0,4527294
0,18023604
-0,21616316
-0,3757496
0,26569927
0,17129546
-0,005813062
0,15513074
-0,26849642
-0,3513893
0,021994352
-0,17905742
-0,15526569
-0,41141623
-0,23878562
-0,34124774
-0,38541114
-0,3232165
0,17447132
0,24134594
0,3120801
0,3436222
0,20607674
0,06724751
-0,13049501
-0,35051483
-0,025080383
-0,098457396
0,19543618
-0,34328347
0,44992036
0,034271717
0,13279009
0,13324517
0,39337552
0,17690635
-0,12386736
0,13373023
0,353804
-0,14600843
0,2271666
0,3252917
0,31530583
-0,32799494
0,18137687
-0,2983118
0,36840743
-0,33856237
-0,0009703636
-0,2739238
0,4915874
0,24935228
0,038303316
0,16199136
-0,37315273
0,07500559
0,46058345
0,4165554
0,36703002
0,46837443
0,010759056
-0,013984799
-0,35325488
0,48073858
-0,20749682
-0,297934
0,25156903
0,33214676
-0,49553463
0,35706902
0,255933
0,22223032
-0,011171728
-0,25071627
0,1818242
0,3276297
0,04241991
0,027528048
0,43735832
-0,29445294
-0,4457824
0,037010968
-0,15254092
-0,1680544
0,29459703
-0,11341515
-0,34318596
0,08821273
-0,08727205
0,08927846
0,044766128
0,3747512
-0,44842553
0,12913305
0,14940614
0,01774335
-0,28696382
-0,020248234
0,02502656
0,07827884
-0,48347914
0,3957392
0,09216452
0,14174354
-0,36824208
0,16573769
0,36845315
0,39939713
-0,24824014
0,35663885
-0,038847685
0,48094523
0,44817936
0,39608312
0,49082792
-0,3593256
0,39929944
0,47225422
0,015083253
0,39193308
0,13235587
-0,48606452
0,21993667
-0,22096756
-0,34736472
-0,34416574
0,2581151
0,07160193
-0,4531372
-0,42080447
0,47685736
-0,20905355
0,20951623
0,141226
0,483806
0,18360728
0,22839373
0,289451
-0,050825536
-0,34881353
-0,35872585
0,013934851
-0,49968085
-0,46932063
-0,49841565
-0,13287741
0,45989257
-0,059812993
0,25696146
0,1067152
0,4457999
0,2199912
0,3549695
-0,039376736
-0,29744956
-0,42251247
0,44308048
-0,31343338
-0,06916258
0,4050339
-0,49741498
0,06382561
-0,21579215
-0,03293982
0,48616636
-0,16054326
0,121479094
0,34139132
0,080068946
-0,28782964
-0,3154962
0,14379108
0,26832503
-0,032914847
0,4229319
-0,20279106
-0,46111363
-0,13670805
-0,2678271
-0,353704
0,25915432
0,25905615
-0,38081792
-0,12982768
0,15572602
0,44991565
-0,2580941
-0,41681892
-0,36489463
-0,37955108
0,06759763
-0,017271698
-0,1847434
-0,06416637
0,2559111
0,35122484
-0,10747126
0,4579116
-0,4692076
0,16928089
-0,37736106
0,37935334
0,16178316
-0,49508938
0,1560564
-0,38410646
-0,42676303
0,40472496
0,2322923
0,19026345
-0,1847446
-0,22940084
-0,37092575
-0,11982757
-0,2754016
0,3943346
0,19453609
-0,3303554
0,34928656
0,3308584
-0,2245506
0,47423375
-0,34197432
0,45597768
-0,44058734
-0,4904269
0,36834925
0,3308066
-0,092997104
0,17329782
-0,11478564
-0,042316407
0,11418694
0,06521785
0,27370644
0,44986516
-0,36894128
0,09128189
0,0064501166
-0,26812908
0,24765277
-0,11182067
-0,3107616
-0,41178694
0,49765712
0,20880479
0,10505241
-0,09993604
-0,19094148
-0,04350713
0,44534373
-0,23266909
0,20993942
0,022080183
-0,17698315
0,37879157
-0,44464934
0,1336844
-0,47474408
0,4649074
0,18138278
0,13475573
0,09425658
0,43762064
0,052669644
-0,4220524
-0,35721648
0,26378942
0,29141885
-0,017426431
0,08325118
0,14144415
-0,04523486
0,38726246
0,12342042
-0,26055646
-0,39272916
0,4392346
0,4346403
-0,29995388
0,049655557
-0,33271506
-0,14657986
-0,20089728
0,060326874
-0,13504624
0,41518784
-0,4057641
-0,29109114
0,1048305
0,102710664
0,47127813
0,36041808
-0,14576527
0,2926408
-0,21367672
-0,2672119
0,094543874
0,035062194
-0,17518812
-0,31457978
0,08056307
-0,1001907
0,45530695
0,38655722
0,004581332
0,17845678
0,19002062
-0,4390585
-0,31548065
-0,345387
0,37857127
-0,22477219
-0,031228185
-0,29145467
-0,30832168
0,18783396
-0,15987715
0,34097177
-0,31401718
-0,38923496
0,49775046
-0,22192132
0,3226115
-0,043138385
-0,4455908
-0,44929853
0,3853342
-0,2518828
0,119556844
-0,1687189
0,44703734
0,33670098
-0,05720496
-0,13390246
-0,49309012
-0,075091004
0,11387485
-0,17671636
-0,02774933
-0,29761678
0,38580668
-0,16166511
-0,3574835
-0,20192772
-0,041849256
0,3977211
0,0047138333
-0,2900857
0,42353338
-0,21181375
0,41000843
-0,357048
0,014769852
-0,3979393
0,14262402
0,046931624
-0,39635116
-0,0030944347
0,32728773
0,0023409724
-0,3580152
-0,15430322
0,30417848
-0,024132729
0,23309326
-0,3335011
0,23545152
-0,47845593
0,1310286
0,3610943
0,01156193
-0,041431367
-0,36489233
0,018371642
0,43687576
-0,06741282
0,16535902
-0,4383644
0,22070003
0,27009463
-0,43056512
-0,35958925
-0,31100976
0,02263242
0,31357628
-0,397579
0,33452868
-0,31669456
0,36710978
0,22847128
0,18045807
0,03232342
-0,21929121
-0,28099066
0,4073347
-0,16869166
0,18727064
-0,039606303
-0,46693915
0,23607963
-0,4450321
-0,20308879
-0,41197225
-0,1370919
-0,4669836
0,4175024
-0,07029751
0,0835045
0,23591739
-0,009077489
0,15126294
-0,1951986
0,2998892
-0,065738946
0,08577728
-0,42658538
-0,086489975
-0,13821536
-0,22988975
0,12669492
-0,3605085
-0,275046
0,15550435
0,46794432
0,054799616
0,23453891
-0,0992741
-0,06951213
0,10735524
-0,37938112
-0,46073362
-0,11176595
0,4882285
-0,30197716
0,38005888
-0,037932664
-0,27981466
0,1227811
0,4573245
-0,07911515
0,056515872
-0,47157183
0,44094795
0,07716489
0,37373996
0,07918924
-0,19692454
0,31918293
-0,4264051
-0,16814962
0,4354446
0,30686772
0,43406177
0,46376222
-0,36389998
-0,3099892
0,39443135
-0,24531785
0,25218666
-0,04419434
0,06533384
-0,022427171
-0,025052875
-0,010195136
0,20282936
0,062273502
-0,038960367
-0,025024623
-0,45118436
0,03137213
-0,4315949
0,043839812
0,40719235
0,06300944
-0,3999951
0,4606415
-0,33068782
0,29996789
0,093128085
-0,4902939
0,19310129
0,17375648
-0,08795655
0,34138036
0,02442807
-0,17780307
0,12674206
-0,33769673
-0,42097583
0,35641032
-0,43197155
0,2037313
-0,4163831
-0,12892872
-0,2849475
-0,320261
0,03257644
0,18712705
0,20362121
0,14515537
0,4770233
0,19939166
0,4668395
0,05912465
0,17222726
0,4321338
-0,007450849
0,1392662
-0,21634406
-0,1629546
-0,10735908
-0,30366948
0,42094266
0,26046246
-0,08196542
-0,12063134
0,388245
-0,37668124
0,1968134
-0,42221543
-0,45125347
-0,009279698
-0,16009766
0,047302604
0,48521763
-0,027024686
0,23410863
-0,14989781
0,48436308
-0,18923607
-0,4800566
0,24614877
-0,096396685
0,3607009
0,2489922
0,0047112703
0,0587914
-0,1596708
-0,23779085
-0,49774334
0,30031437
-0,3095622
0,17365682
0,2360363
-0,35599256
-0,3358782
-0,4179644
0,3063085
-0,43432242
-0,43299717
-0,06321907
0,3588931
0,054911077
-0,4031893
-0,49357778
-0,3650741
-0,008818299
0,2794053
-0,46005082
0,18767184
-0,28555423
0,28144753
-0,46525732
-0,16273656
0,14071763
0,09372765
0,35897642
-0,033447683
0,01751554
0,049093664
-0,12798521
-0,36945271
0,2156049
-0,458198
0,27651113
-0,039367855
0,44878662
0,24770653
-0,4121779
0,0019219518
-0,177178
0,43292207
-0,030949026
-0,23639378
0,27819467
0,20193094
0,42390662
-0,16305292
0,018532455
0,28465384
-0,22861657
-0,46192038
-0,1472246
0,19858032
0,07350743
0,20778
-0,4223668
0,4890536
0,05836433
-0,2119545
0,4568299
0,017205894
0,43233013
-0,2763
0,24418914
0,20450217
-0,16815361
0,48702574
-0,4380098
-0,22534129
0,3992923
-0,3787998
0,2359339
-0,15017605
0,43532556
0,16054249
0,13009411
0,23737866
-0,07381326
0,4598055
-0,49483934
0,26947105
0,30403292
0,25995463
-0,1549229
0,27642012
-0,2347143
0,26153982
-0,07406637
-0,007909775
0,008565009
0,037094057
-0,08121297
0,38312215
0,3457629
-0,0539684
0,110070586
0,20384103
0,1284045
-0,40333545
0,48957783
-0,16279045
-0,43648422
0,41673964
-0,40070555
0,026506662
0,2336654
0,22257024
0,13767362
-0,09266576
-0,15302598
0,2446999
-0,1859783
-0,44159138
0,14192969
-0,1815674
-0,02941823
-0,44224358
0,08121598
0,18993992
-0,07846066
-0,40621316
0,24423605
0,28846127
-0,28247863
0,09585446
-0,02604881
0,19275445
-0,16688511
0,16963291
-0,29339927
0,3951757
0,08522177
-0,3971779
-0,31556168
-0,407239
-0,45640096
0,2698171
0,2846077
0,41429114
0,14927983
0,17624426
0,46172017
-0,35593414
0,4415303
-0,23464152
0,2565813
-0,3107757
0,012308598
0,05819726
0,13319564
-0,2072511
-0,46844888
0,34256226
0,24667841
0,33428633
0,09354484
-0,319234
-0,44039446
0,032772064
0,27920264
0,46511066
0,046265483
0,1314686
0,30996573
0,35761732
0,32787192
-0,40119886
0,31044412
-0,4873291
0,10890198
-0,35996968
0,43333256
-0,36691585
0,37599224
-0,18344355
0,25863916
0,40860528
-0,3745342
0,35183775
0,45302182
-0,18849313
0,47380984
-0,27975985
-0,1719105
0,4975391
-0,4425669
-0,12560913
-0,027102798
0,23043162
0,17233682
0,24521893
0,43196332
0,10278261
-0,47289443
0,46215057
-0,48657346
-0,24933487
-0,3994333
-0,16050097
0,35396445
-0,16713834
0,34789026
0,18576545
0,04820174
-0,4888435
0,037311494
-0,47223112
0,35920328
0,110628664
0,301911
0,07803923
-0,29143876
-0,184196
-0,3032717
-0,10593489
-0,47800487
-0,4829949
0,015549004
0,35283917
-0,27650586
-0,06962818
0,12018174
-0,17325193
-0,12959617
-0,3256161
-0,20977062
-0,10151076
0,11960775
-0,35746863
-0,21593854
0,23231143
-0,018878758
-0,2065252
0,31290114
-0,25223574
0,34762752
-0,19763544
-0,37723523
-0,21048295
-0,33214182
-0,23980013
-0,47066987
0,31083214
0,28238636
0,44161648
0,15648931
-0,04551357
-0,46957746
-0,41083157
-0,17390284
-0,35965103
0,11979753
-0,3332984
-0,4743249
0,43773192
-0,4911424
-0,46024585
-0,10079974
0,19460285
0,3155886
-0,4180882
0,26230884
0,3168602
-0,21356702
-0,09425002
-0,15692544
-0,46527857
-0,0062865317
-0,15576518
0,08142209
-0,16476804
0,4725405
0,37978464
-0,13670295
-0,37131447
-0,1515097
-0,3721764
0,48541045
0,11350697
-0,034571707
-0,29395753
-0,495841
-0,32708997
0,19656307
-0,30927616
-0,36273795
-0,46689677
0,20188087
0,01888913
0,4110638
0,042916358
-0,21880549
-0,12152809
-0,15448877
0,36870593
0,46915424
-0,4423378
-0,28594005
0,078968465
0,25836134
-0,2771386
0,40888768
-0,14804748
-0,051146537
-0,35834193
0,44738942
-0,09591484
-0,36783153
-0,42380434
-0,03457135
0,1345728
-0,18812951
0,2562241
-0,4789372
-0,42947403
-0,35054094
0,4856658
-0,48026258
0,20217746
-0,10796115
-0,35398754
-0,47029373
0,3828357
-0,40875003
0,021298885
-0,3278363
-0,35909408
0,4393869
-0,2736479
-0,20656651
-0,3059401
-0,27626175
-0,014319271
0,4767683
0,2506113
0,014981568
-0,23540327
0,48599362
-0,11245215
0,20587498
-0,48194367
-0,26073492
-0,29022932
0,20747447
-0,12545505
-0,048009157
-0,14621308
-0,16418803
-0,16137514
0,08960271
0,16289914
-0,49087083
0,39227486
0,053563952
0,30445647
0,19304562
0,36635107
-0,4524211
-0,45413008
-0,20868325
-0,05667171
-0,10378805
-0,24082413
-0,32127944
0,46121013
-0,07912612
-0,24240735
-0,15645096
0,48561156
-0,14965141
-0,468658
0,29607272
0,15607738
0,03705561
-0,43692937
-0,15433598
-0,036731154
0,15155059
-0,49436718
-0,093485385
0,32475054
0,16536659
-0,1367237
-0,19762832
0,09173393
0,174389
0,061956108
-0,34886485
-0,10486251
-0,44068256
-0,12787324
-0,43673295
-0,19055414
0,27479917
0,08135015
0,35017872
0,014045358
-0,29427168
-0,10518783
-0,47485116
0,42352837
-0,44358554
-0,4723656
-0,35539976
-0,21361944
-0,2558295
0,38673753
-0,21525916
0,10191363
-0,36027706
-0,077151924
-0,38752955
-0,33874226
-0,25349766
-0,1227932
-0,22778043
0,22482681
-0,4449178
0,34147537
0,48831618
0,2743885
0,151479
-0,18460432
0,45398474
-0,464103
0,37217963
-0,08594555
0,14837343
-0,32224506
0,2062124
-0,31290787
0,17584115
0,105369925
0,23183304
-0,19765955
0,40007156
0,48903376
0,18845385
0,19502258
0,020510733
-0,23585278
0,3543213
0,19580162
-0,40421087
-0,024962246
0,21254718
-0,47506863
0,355358
-0,007104397
-0,15157503
0,30047423
-0,25598827
-0,39122608
-0,17004123
-0,47644305
-0,3933524
0,10444528
0,3884964
-0,060767025
-0,4409672
0,2019425
0,42199135
-0,48711962
-0,018012613
0,18155164
-0,25266173
0,39602548
0,237616
0,01824689
-0,42087963
-0,18716893
-0,20597711
-0,19069988
0,44843358
-0,38308764
0,2639125
-0,11525509
-0,45177752
-0,3304019
0,21128094
-0,27131283
0,35897863
0,06515014
0,20801032
-0,15801072
-0,40907115
0,38135254
0,3175149
-0,33030802
0,10904664
-0,08484861
0,44187546
0,24411845
-0,17614815
0,016013443
-0,4094265
-0,46653587
0,002261877
-0,45097348
-0,2785518
0,20516306
-0,19840261
-0,35007006
-0,32692164
-0,27768454
0,28320026
-0,49861827
-0,02384898
0,32904202
0,37297332
-0,034288555
-0,24123797
-0,20742267
0,22498214
-0,4839326
0,20034629
0,32807118
-0,3925777
-0,16095531
0,3121692
-0,18118355
0,28931618
0,19126093
-0,31446385
-0,04622501
0,013396025
0,33960873
0,42915994
-0,4252599
0,15383846
-0,0064308345
0,25521976
-0,38078257
-0,042018563
0,36740893
-0,2052753
0,4073599
-0,24692288
0,16882211
0,13521397
0,24899471
-0,12613383
0,43249118
-0,07289001
0,10245389
0,48483175
0,4106146
0,264125
-0,23561576
-0,24497223
0,49876124
-0,0072037578
0,13653964
0,45721823
-0,08971506
-0,33298635
0,015792072
-0,008379042
0,37774616
-0,27772936
0,113473415
0,14498317
0,0140028
-0,3207298
0,39824164
-0,28427368
0,2933784
-0,14689904
0,3372258
-0,4416654
0,47840577
-0,43385664
0,27959627
-0,4195918
-0,04000154
0,19727921
0,4984247
-0,11269528
-0,039842457
-0,3603325
0,39733994
0,46035504
-0,0523178
-0,4824701
-0,0315952
-0,41109794
-0,02169931
-0,40517825
-0,3949434
-0,18288702
-0,32176495
0,43823445
-0,025201648
-0,39321816
-0,15799734
0,19210583
0,13122678
0,485182
-0,16508111
-0,2139053
-0,21772179
-0,41880345
0,20817995
-0,45236015
0,25597894
0,41170508
0,26374292
0,49091482
0,11076748
-0,25262636
0,4997174
-0,49052718
0,07958877
0,15755153
0,14773566
-0,31780338
-0,3873741
0,3743022
-0,18862301
0,29606324
-0,08366752
-0,32446212
0,2602722
-0,492641
-0,11405015
-0,26395625
0,26220918
-0,1293382
0,0068598986
-0,43173409
-0,21805355
-0,26087958
0,30268943
0,28340185
-0,3321364
-0,16281107
-0,12491009
0,45930213
-0,18884996
0,3379625
0,20507902
0,15171832
0,20556557
-0,3564232
-0,4488725
0,21287912
0,47692627
-0,44310695
-0,24304667
0,2759635
-0,44091323
0,12273407
-0,021125853
0,075829625
0,4571827
-0,39030534
-0,20344028
0,27307713
0,34869218
0,016807318
-0,4544748
-0,37956196
0,14874715
0,100090325
-0,21088353
0,25432003
-0,28214777
0,450495
-0,45966926
0,34938544
0,3670041
0,2336874
0,088011265
0,08144885
-0,036175787
-0,15829921
-0,44096524
0,25521392
0,15355551
0,22436613
-0,08610815
-0,28518587
-0,2576103
-0,03674224
0,42780936
-0,043855727
-0,4912964
-0,13791105
0,39215213
0,34337616
-0,07225314
-0,0889259
0,04066813
-0,37696826
0,09340316
-0,21846402
0,022605538
0,049277306
0,07011384
0,38151938
-0,44659078
-0,13681144
0,19355035
0,16279769
0,18430752
0,38155067
-0,0917716
-0,052475095
-0,31844297
0,010909677
-0,42607048
-0,398448
0,008501112
0,21924907
-0,018229753
0,044341087
-0,2307617
0,27079374
0,18916923
-0,2694531
0,26679403
0,20986015
0,43847698
0,1588608
-0,16355845
0,3410926
0,10843933
-0,09805429
0,34277934
0,030046403
-0,21266547
-0,45856804
0,36224502
-0,2884168
0,47392112
-0,3211429
-0,25197512
0,41652757
0,37932414
0,073658526
-0,45465565
-0,13766289
0,49509728
-0,23976982
0,16492367
0,3048194
0,13322967
0,38551128
-0,47346887
0,24710906
0,23771727
-0,086147845
0,26051563
-0,18466315
0,3785289
0,09631765
0,28270924
-0,37385482
-0,056716412
0,49004143
-0,2746104
-0,47499004
0,21996492
0,17064774
-0,12605858
-0,07989037
0,2898996
0,49845678
-0,24424115
-0,2671336
0,44428504
0,25376648
0,3617918
-0,15170628
-0,42007756
-0,22002661
0,15972978
-0,26572806
-0,26549625
-0,44297
-0,0148023665
-0,02143833
-0,1727472
0,20251667
-0,4405899
-0,32474327
0,18777156
-0,39986724
0,1777662
-0,014233738
-0,02233249
-0,060668588
-0,054670244
0,34984386
-0,31969774
-0,3582651
0,052258432
0,37020332
-0,03250113
0,07946378
0,48287356
-0,10276383
0,20749354
0,36072075
-0,14035463
0,40001512
0,048771203
-0,021555513
-0,44258034
0,3871572
0,37565142
-0,014735967
0,3413139
0,12771326
-0,4021326
-0,09626299
-0,44750655
0,1369772
0,37686306
-0,0063079
-0,42437068
0,2015475
0,37368286
0,42645591
-0,45084295
0,37943208
0,30446672
-0,42572543
-0,3221048
-0,046040982
0,18845022
0,45942324
-0,36436653
-0,08972415
-0,21668753
-0,011398017
0,17599696
0,31734657
-0,42076617
-0,18590632
0,27564675
-0,3490125
-0,29896763
-0,04224053
0,14954567
0,02897495
0,040054023
-0,38098925
0,47720432
0,36449152
-0,30798006
0,3005556
0,3293321
-0,10532886
0,47081763
0,10027605
-0,06265199
-0,095801294
-0,05966088
0,0003325343
0,46865332
-0,34317642
-0,40916115
-0,4161293
0,3092571
0,26296395
-0,3296972
-0,11269924
-0,18461174
0,20179957
-0,16295382
0,4995609
-0,4589305
0,48182982
0,36480325
-0,112220734
0,18249029
0,245915
-0,25450563
-0,21436772
-0,18013021
0,025720835
0,39652783
-0,026595324
-0,16865462
0,35418135
0,067373276
-0,160626
0,18141896
0,014219701
-0,32013842
-0,2927814
-0,16230953
0,11857498
-0,38753837
-0,2502269
-0,19225606
-0,3290737
0,2665534
-0,14734507
0,13818657
-0,20705715
0,46150184
-0,3013938
-0,45831597
0,034359932
-0,249529
0,076859415
-0,40976644
-0,452402
-0,31806818
0,37631053
-0,42620686
-0,042917907
0,32613838
0,15372622
0,19814545
0,3205076
-0,015443832
-0,036295325
-0,44772184
0,07594246
-0,33725107
-0,03604725
0,34002328
0,42601043
0,18109715
-0,2721699
-0,46654707
0,03885871
0,47656828
0,1497243
-0,05559808
-0,38391176
0,061834514
0,21248567
-0,10008949
0,3262714
0,11727834
-0,42896754
-0,25752318
0,46549934
-0,11391646
-0,28333512
-0,47070774
0,34296554
-0,39566076
0,16255373
0,13772672
-0,15013894
-0,2428025
-0,3394798
0,33136696
0,400685
-0,44219896
-0,11475301
0,06401235
0,22906268
-0,13945138
0,37122935
0,14765197
0,06827688
-0,03867054
-0,4899959
-0,33330703
0,16489118
0,07744378
-0,24919185
-0,10996592
-0,24010852
-0,35007656
0,06303978
0,29734808
-0,24928275
0,4033326
0,45197827
0,46983927
-0,016996533
0,43136913
-0,1319826
0,4613135
-0,16471368
-0,3474537
0,17192781
-0,027145892
-0,34292555
0,3534724
-0,13819236
-0,2586696
0,25830013
0,16479051
-0,3301412
-0,120351404
-0,07767266
0,16254795
0,006544292
0,41656715
-0,22866067
0,34630454
-0,29204187
-0,08225143
0,45181048
-0,46924117
0,2886359
-0,27385306
-0,09717262
-0,040249556
0,33197546
-0,045832306
0,3722734
0,1741572
0,14945298
0,27280742
-0,33274138
-0,28292707
-0,42454404
0,10363966
0,42505658
0,25041062
0,31135732
-0,39901906
0,1716345
-0,2620284
-0,2903204
0,0370875
-0,36923158
-0,43915588
-0,49569786
0,2240501
-0,47456473
-0,089885116
-0,13742104
0,11098832
-0,4920342
0,0855943
0,4849683
-0,099473506
0,08303869
0,49398136
-0,30302185
-0,16284269
0,08619219
0,22705448
-0,30155665
-0,04672557
0,08151543
0,45101392
0,17216843
-0,17250276
-0,059521914
0,22834122
0,37317204
0,38668716
0,38576055
-0,15282533
0,33077812
0,4691205
-0,43136477
-0,034367263
0,19774282
0,24281555
-0,4149086
-0,35475045
0,49782878
0,29688638
0,39881605
-0,08938566
-0,22888303
-0,26197243
-0,18861854
-0,24650523
0,090044916
-0,23420987
-0,41012046
-0,3272295
-0,44041637
-0,0038846135
0,41348737
-0,0887942
0,39133376
0,16508561
-0,075510144
-0,43763912
-0,36730665
0,3326248
0,2747264
-0,36508006
-0,3870893
0,35304445
0,37663025
0,046964526
0,06732029
-0,39342886
0,42134887
-0,16909274
0,20056432
0,21236217
0,14352411
-0,29256278
-0,2403495
-0,112546355
-0,48945042
0,09798664
0,41090518
-0,321808
0,42505866
0,31973165
-0,33531487
0,33922303
-0,07641384
0,2519536
0,4120021
0,4165687
-0,42505318
-0,13160577
-0,075933665
0,109716415
-0,020206362
0,48012835
0,47279376
-0,25907636
0,35417652
-0,08369291
0,0121821165
-0,02572143
0,19610763
0,39215118
-0,25199154
0,033643425
-0,48906595
0,15415734
-0,46524286
0,25536227
0,4105416
-0,38786766
0,13731694
0,3708263
-0,20945415
-0,1218375
-0,20371035
-0,33374873
0,12879515
-0,26616824
-0,07195678
-0,23472634
-0,19803712
-0,13428304
-0,4464849
-0,26946422
0,20713717
-0,23345101
-0,4501339
-0,08308232
-0,2660234
-0,1695661
0,0045797825
0,2389059
-0,16718006
0,2622568
-0,012979418
0,053630292
0,3948912
-0,27267587
-0,14595324
-0,22385895
0,2778138
0,15455943
-0,37615427
0,2798171
0,43814683
0,26561207
-0,27238372
-0,37598222
-0,081584066
0,28102565
0,4257154
0,35614842
-0,30169362
-0,1467391
0,36240906
0,119360805
-0,15050945
-0,28161585
-0,39962417
-0,06631675
0,38122475
-0,08390036
0,41029447
-0,08874467
0,40238953
-0,30247706
0,19500774
0,28914332
0,32939023
0,052211225
0,39924592
0,25264996
0,0017360449
0,45188653
0,055057526
0,43246424
-0,40832478
0,3827688
0,35296887
0,45657676
-0,12113023
-0,009846717
0,1609419
-0,38754386
-0,008365661
0,3702497
-0,09661117
0,21081722
0,384866
-0,16878352
-0,2522212
0,18050838
0,37076843
-0,06975776
0,13533944
0,45975405
-0,018934757
0,3494966
0,45387065
0,20842022
-0,2826684
0,4534406
0,14457947
-0,42805988
0,046937585
0,2787913
0,14485747
0,03151959
0,0060768723
-0,059856325
0,12965447
0,39208376
-0,22578722
-0,4218344
0,2376287
0,4091906
0,1524353
-0,24222782
0,11325747
0,40173966
0,0637632
0,45132947
-0,4959411
-0,044971883
-0,16185492
0,38483006
-0,4563757
-0,33461374
0,022584379
-0,4488945
0,3107087
-0,40471455
-0,40560788
-0,33579147
0,3782457
-0,15864879
-0,19538033
0,3364252
0,35440648
0,31045693
-0,17201945
-0,18767211
0,09504938
0,36217457
0,44027752
0,46229333
-0,16510677
-0,41995072
-0,3722277
0,0419811
0,2845704
-0,3516376
-0,005363345
0,17849618
0,04920298
0,43286604
0,29180545
0,2569905
0,21674389
0,40036988
-0,16441941
0,218261
0,41592485
0,15035611
0,21154338
-0,29248127
-0,44785923
0,06128466
-0,2795486
-0,06803316
0,15470058
-0,18172252
0,11641568
0,49362898
0,085840404
-0,012022823
-0,07443097
0,18265921
0,15973699
-0,24607274
0,47967917
0,10144329
0,044205964
0,3692698
0,4227202
0,115439
-0,4653031
0,061801136
-0,23681459
-0,44192767
0,29511917
-0,12198949
-0,34223378
0,45180887
0,0761534
0,09848577
-0,1413824
0,45026857
-1,5854836E-05
0,2648037
-0,017122865
-0,48521698
0,38937426
-0,41958988
0,35884845
-0,1103645
-0,25201038
0,41555375
0,49908453
0,2603113
0,24761415
0,47402018
0,07723433
0,4511341
-0,24988401
0,037359774
-0,005572349
-0,31547892
-0,010406792
-0,1494979
-0,17947653
0,154028
0,13828981
-0,0125181675
0,48320776
-0,21450353
0,2912361
0,37064654
0,32873964
-0,23918295
0,10146099
0,16380394
-0,19773477
-0,39299333
-0,2959432
0,47431982
-0,1202009
0,17847121
-0,43826535
-0,14280319
-0,04046452
0,42767453
0,30672622
0,39281434
0,07364404
-0,41644892
0,33724624
0,15633762
-0,34815353
-0,07817167
0,35400254
0,492495
0,1443739
-0,31509584
-0,46871603
-0,42967388
-0,41160634
-0,1982654
-0,39380878
-0,46701494
-0,20232037
-0,16591984
-0,3780267
-0,4612953
-0,334685
0,39349926
-0,10205746
0,21292984
-0,4812708
-0,4926339
-0,11087498
-0,12822995
-0,38649163
-0,09114897
0,24461365
0,48343158
0,16525912
-0,12751052
-0,3874535
-0,26248956
-0,39301467
0,31589597
-0,3498683
0,041056037
-0,13995266
0,1024279
-0,17677513
0,04881853
-0,06632221
-0,11823514
0,4794268
0,03336948
0,3572619
0,026947916
-0,41909486
0,24978036
0,02724111
0,15034646
0,012862802
0,020537674
0,3602389
-0,22277415
0,11327016
0,026195288
0,1631065
-0,19705915
0,24749392
0,3722008
0,22874016
-0,2844942
-0,31474447
-0,4798259
-0,07724428
-0,20555922
-0,3913499
-0,16308019
-0,2226015
0,08498353
-0,38732687
-0,35395074
0,21749562
0,48596722
0,09752667
0,09602988
-0,39076203
-0,031960577
-0,3156048
-0,3507787
0,21484548
0,12910318
0,4832996
0,16633064
-0,49044648
0,459136
-0,122745484
-0,28489366
0,31018764
0,06272811
0,008731604
0,21772999
0,2917266
-0,27110636
0,40085548
-0,263234
0,15826494
-0,23760676
0,3392856
-0,4685889
-0,25483388
-0,28858835
-0,24537674
0,2999726
-0,40908122
0,1517402
0,40741557
0,46434152
-0,49410617
-0,24064532
-0,42587218
0,14282334
-0,2052398
-0,047989875
-0,18195492
0,45500118
-0,11598724
0,0038081408
-0,047742337
0,20861644
-0,2092087
0,4164797
-0,18624908
-0,4496059
0,40446907
0,10406917
0,04524249
0,3975371
-0,3271423
0,04544139
0,31931496
0,43087715
0,3310181
0,2419458
-0,34155458
-0,46793076
0,3914603
0,46621692
-0,23919177
-0,21971732
0,43286622
-0,06509772
0,25390476
0,41041315
-0,04139453
0,44071603
0,12891662
-0,350828
-0,10671693
-0,41403103
-0,069135666
0,4165166
0,1715846
-0,21565315
-0,13138124
-0,023185343
-0,37022442
-0,048704237
-0,32483166
0,42583555
-0,26909903
-0,48472846
-0,4020269
-0,14597294
0,3836134
0,398149
-0,44387513
-0,11595777
0,17062211
0,10120112
0,04515487
-0,22357732
-0,27863777
0,41342622
-0,026235044
0,30967432
-0,49912664
-0,38685238
0,2626207
0,4975654
-0,18820637
-0,2483814
0,11138123
0,053408742
0,23301327
-0,46137238
-0,3875137
0,49267125
0,18798757
0,42167246
-0,35760278
-0,4078751
-0,08145523
-0,49947786
0,23468482
-0,14518085
0,19046444
-0,42739567
0,44628656
-0,10179627
0,109288216
0,33402574
0,33433694
0,38559806
-0,38477772
-0,43183568
-0,39841756
-0,07298216
0,29486978
0,053682804
0,04984951
-0,16989496
-0,22364059
0,013649881
0,44478935
0,26308936
-0,28190047
0,30864716
-0,44201714
-0,40839362
-0,30445904
-0,24120548
0,429434
-0,19260216
0,16250908
0,41280442
0,06072992
0,1871478
0,33409083
-0,30770257
0,435261
-0,13292322
0,39116138
-0,15724036
0,28055644
0,25770253
-0,18067685
-0,22605693
0,24143595
0,064745605
0,45238882
0,23313296
-0,44009426
-0,053608894
0,04924339
-0,24139503
-0,14567935
0,019075215
-0,22822553
-0,34280163
0,34976244
-0,31381312
0,42720258
0,2863506
0,4526446
0,3904366
-0,39308223
0,1149981
0,08943176
-0,26563275
-0,21097252
0,019961655
-0,1108672
0,3880719
0,09085387
0,15437311
-0,2942255
-0,42070973
0,17373353
-0,4594321
0,3059243
0,28637642
0,19074184
-0,46190542
-0,44147354
0,30844247
0,29029447
-0,44277674
0,06612134
-0,121287584
0,46711832
0,15088779
0,46902287
-0,28141248
0,31602383
-0,45235825
0,32065487
-0,10188618
0,27083647
-0,44995022
-0,35610586
-0,016477078
-0,018690974
-0,123398244
-0,13659278
0,28689784
0,4054798
-0,18276069
0,4073491
0,17162114
0,13791084
-0,31917268
0,101353705
0,2109322
0,40754783
0,24422061
0,36522472
0,06279528
-0,07532728
0,22306049
0,30375743
0,13889843
0,0062999725
0,33847022
0,35031164
0,38841897
0,07511169
0,036378324
-0,42992154
0,04647827
-0,4001932
0,17793572
-0,18845713
-0,39402583
0,08844757
-0,13861582
0,39785743
-0,047475785
0,028624713
0,11978912
-0,117228776
-0,09663221
-0,26195467
-0,49355692
-0,287345
0,25091743
0,031971753
0,04333353
-0,3886958
0,43751085
0,1473369
0,26634783
0,15039986
-0,47649455
0,41407675
-0,07703531
-0,36956316
0,20022666
-0,20680943
0,4775213
0,17553556
0,4812535
-0,21106413
-0,15751967
0,4935853
0,16691035
0,4601974
-0,19181082
-0,17903313
-0,04327783
0,48018986
0,1345157
-0,31208658
-0,3360763
0,07451022
-0,2442109
0,0906077
-0,24328798
0,48565072
0,009771109
-0,323246
0,03849697
-0,46194503
-0,45739967
-0,07165086
-0,36590582
-0,3517967
-0,2390961
0,34026867
0,16411161
0,44206637
0,3542546
0,30905747
-0,27484223
-0,023938268
-0,22501141
0,3368911
0,25349045
-0,49945077
0,36532205
-0,09018552
0,49430525
-0,47904667
-0,14956513
-0,08918476
0,13087809
-0,28026712
-0,2822131
0,32531005
0,42079258
0,3384744
-0,4666878
0,37147492
0,414648
0,020380914
0,36226165
0,20808697
0,26423877
0,36347258
-0,2745378
0,37305415
-0,25799847
-0,3759854
0,0052144527
-0,0802449
-0,25006008
0,05689192
-0,43944514
0,3971305
-0,26053166
0,16510487
-0,42569813
-0,4574307
0,053619742
0,11562413
0,36008406
-0,37549758
0,39051276
-0,10229495
-0,4748621
0,31014442
0,052210987
0,3576072
-0,3463828
0,4265014
0,15280902
-0,34055024
-0,08698186
-0,33620453
0,30424482
-0,33895218
-0,19790664
-0,100248694
0,083663225
-0,3447821
0,024486244
-0,2977042
-0,4806955
0,4667039
0,49222344
-0,28530726
-0,13211522
0,18765962
-0,24847347
-0,17613474
0,076666296
0,12646538
0,22631598
0,28918177
0,19246513
0,106117964
0,1437878
-0,41578537
-0,036038816
-0,09984177
0,121619046
-0,32662588
-0,30835235
-0,17933941
0,07857531
0,41301864
0,32016987
-0,11184257
0,039842367
0,3695352
0,08184075
-0,4202408
-0,41739273
-0,28785005
-0,35066086
-0,072398335
0,33484042
0,34365338
-0,19729161
0,1925292
0,14406228
-0,4631815
0,18870056
0,20215553
-0,018911809
0,25443172
0,08689064
-0,02132541
0,2736956
-0,31100872
-0,3689189
0,31673026
0,46920902
0,21790677
-0,09680867
0,2654044
-0,3334532
0,108427405
0,24240077
0,4332353
0,15070295
0,1072247
-0,46464545
-0,31612086
0,48180008
-0,4617587
0,42086953
0,33214033
0,30472386
-0,41566262
-0,48118234
-0,08103469
-0,13868275
0,3571198
0,0821566
0,12400168
0,3091153
0,39120114
-0,045763314
0,12834209
-0,15160295
-0,0024459064
0,117295206
-0,3362946
-0,41849303
0,11035371
0,037504315
-0,023364574
0,051672697
0,32329714
-0,36281028
-0,2306844
0,3837725
0,17965508
0,017823577
0,16191787
-0,069723755
-0,35179278
0,15679389
0,43864357
0,17887586
0,13938695
0,24296504
0,24567503
0,29424483
-0,2206462
0,3632233
0,3383447
-0,16693738
-0,09005782
0,1719656
0,4065956
-0,4170487
-0,342798
-0,15491527
0,21978354
-0,43426758
-0,4298272
-0,4681711
-0,18912086
-0,115729004
0,41899902
-0,39173952
0,2873397
0,107540905
0,2253331
-0,10571167
0,19287789
-0,42315888
-0,22954473
0,40022707
0,075362384
0,09153199
0,2024836
-0,395976
0,36462337
-0,0041329265
-0,44014665
0,102229536
0,36417097
0,49534833
-0,20855919
0,31208974
0,23393726
-0,3781628
-0,22928062
0,36345714
0,012796223
0,28188097
-0,28301656
0,22889596
0,024284065
0,08044851
0,27557546
0,31788814
-0,12096596
-0,48544538
0,21516186
-0,21995279
-0,13118792
0,05784005
0,49061787
-0,3771678
0,4303875
-0,45255724
-0,46258858
-0,3831702
-0,48250198
0,0030084252
0,3666193
0,49486655
-0,48107386
-0,026381284
0,08019787
0,45072734
0,28736073
0,27647632
0,27398217
0,4348678
-0,40401128
-0,10591307
0,4495119
0,19153458
-0,28914642
-0,1931856
-0,2731964
0,40476638
-0,19975239
-0,44332322
-0,009624094
-0,011333168
0,37477732
0,27945852
-0,18611634
0,024777591
-0,41270292
0,19353902
0,49266994
-0,089963466
-0,049492
-0,24943945
-0,07706654
0,28407192
0,3333338
-0,21314141
0,20879942
-0,017697185
0,13407755
0,3493138
-0,372468
0,29382116
-0,009221971
0,48682928
0,44817656
0,18510616
0,06573719
0,3507324
-0,15747833
-0,31536865
-0,37323594
0,13217491
0,0076909065
0,16899282
-0,012264937
0,2490207
-0,24121207
-0,47221118
-0,41956162
-0,27714735
-0,23569417
-0,29940897
0,33074027
0,1984449
0,4357044
0,0950101
-0,15765303
-0,32447082
0,26751226
0,48623192
-0,46956366
0,11022717
0,35420924
0,056478083
-0,31353915
0,25431526
0,3992799
-0,45204893
0,29871774
0,18759972
-0,076399446
0,30040807
0,4274363
-0,3632595
0,29467857
0,26573944
0,06905204
-0,015898407
-0,004575968
0,09672481
-0,04275173
0,024850547
0,15903127
0,12394011
0,36545432
-0,42787796
-0,22857961
-0,08092657
-0,28977603
0,19849926
-0,3680414
-0,24288628
-0,18554077
-0,36933297
-0,48782444
-0,24654582
0,019640923
-0,11865461
-0,33638608
-0,19187322
0,33115178
-0,41495103
0,27113414
-0,2959764
-0,3227268
0,4653154
0,42866516
-0,018134415
0,2317779
-0,00851506
-0,4656207
0,1050877
-0,44377518
-0,016160667
0,47915316
-0,35295987
-0,19912288
0,35142684
0,052218616
-0,12281796
0,09772998
-0,4484054
-0,47364783
-0,108027786
0,10628188
-0,36472362
0,023680389
0,36146456
-0,4686435
-0,19809765
0,21442217
0,45995027
-0,18136284
-0,4458395
-0,49332732
-0,40851846
-0,2542355
-0,4171545
-0,071980745
0,30138648
-0,098190755
0,42213315
-0,04221919
0,11357117
0,1824925
-0,23916015
-0,14321914
0,34684014
0,15288341
0,12665284
0,06575829
-0,48664293
0,20209539
0,29417306
0,4240896
-0,038326323
0,1355573
-0,048111707
-0,40693003
0,17419666
0,23334742
-0,42322326
-0,25266802
-0,1853567
-0,11304608
-0,3789754
-0,46834862
0,4416486
-0,47434816
-0,34536856
-0,41523823
-0,36331344
0,14863849
-0,28593194
0,03704828
0,11967939
0,15163893
0,26854706
0,07882905
0,07757276
-0,17383543
-0,29322594
0,36185932
0,33025336
0,08232349
0,049577296
-0,26829666
-0,09895453
-0,14163184
0,3503331
0,4345013
-0,35417235
-0,22722423
0,43834764
0,40865904
-0,25391588
-0,29335135
0,2975095
0,33695865
0,022360384
-0,17324024
-0,45042947
0,20834702
0,31107265
-0,32270926
0,077902555
-0,31312633
0,14911091
0,065870106
-0,34700236
0,23665345
-0,2972592
-0,15220293
0,038579404
0,060595274
0,024386704
-0,46801722
-0,47436196
0,37984383
0,40068936
0,38405192
0,4426726
-0,30678087
0,28954577
0,4951595
-0,29805884
0,004273534
-0,43549147
0,2712947
-0,029224277
-0,08136243
-0,03318304
0,35771245
0,43093276
0,23808801
-0,021775395
0,19648051
-0,3560363
-0,1133571
-0,09155622
0,29225314
-0,48222584
-0,07730916
0,041784942
0,06947613
-0,042787284
0,1029852
-0,34416428
-0,085755944
0,32578725
-0,0848307
0,1885187
-0,2644788
0,26200706
0,39028478
0,42125195
0,12037647
-0,3061149
0,3619998
0,22778028
-0,36306077
-0,4429638
-0,14903563
-0,37782833
0,45353603
0,3266108
0,41425037
-0,07397005
0,12635607
-0,21050635
0,12070626
-0,08005518
0,38931984
0,16082674
-0,3214547
0,30462003
-0,07114273
0,4146253
0,08344257
-0,43484622
0,37045175
-0,07406402
0,15120256
-0,20530885
-0,2512288
0,11199242
-0,3497432
0,13946682
0,05279571
0,29124188
-0,118692994
-0,27788383
-0,29020607
-0,4936226
-0,46611673
0,123039186
0,43642914
-0,034600705
-0,032570004
-0,4501092
0,25992972
-0,3916337
-0,36076847
-0,37654346
-0,3401221
-0,06804103
0,018935204
0,44001865
0,49161333
0,3722511
-0,15254295
0,42605287
-0,13751641
0,1463117
-0,3050949
-0,32515818
0,49136013
-0,11962116
0,31823564
-0,37764493
0,30215853
0,485825
0,2870416
-0,38116944
-0,14952278
0,21122724
-0,28808975
-0,35331428
0,16318786
0,25921774
-0,2841289
0,48926783
-0,13088194
0,28146207
-0,11286366
0,38053632
-0,10325134
0,42909056
0,21107876
0,22276872
-0,07342458
0,117378056
-0,18352258
-0,099191815
-0,41716832
-0,04647404
0,3961925
0,24384946
0,08197147
0,40872157
-0,017082691
-0,30890104
-0,080153525
0,4557438
-0,06733644
0,40204704
0,14587241
0,032974422
-0,036723733
0,3661753
0,23113894
0,2210266
-0,26615652
-0,14323634
0,07282543
0,47835302
-0,031069785
-0,23086116
-0,43337056
0,19176918
0,025293052
0,28312522
0,0065712333
-0,3214795
-0,4230001
-0,3516182
-0,45590794
0,2467677
-0,38050416
0,27760422
-0,039699703
0,4703455
0,19511491
0,2274087
-0,124290735
0,2245518
-0,16813415
-0,45424822
-0,28174877
0,077340126
-0,4301813
-0,1943208
-0,41126
0,374874
-0,28401518
0,209257
-0,44356143
-0,4070335
0,33742315
-0,101799846
-0,34609658
0,3454604
0,36366814
0,21070594
0,15320784
0,38262928
0,13145643
0,21177924
0,14784741
-0,2636534
0,3054033
-0,44947666
-0,06910497
-0,12298411
0,34500474
0,4897856
0,33168727
-0,02833879
-0,071409404
-0,42771584
0,44656307
0,45149875
0,2088607
0,38600534
0,15388519
-0,08285388
0,31972337
0,1093176
0,07685447
-0,16976741
0,39228714
0,13532019
-0,39412054
0,122365415
0,26081055
-0,20990974
-0,44151318
-0,0005850196
-0,070328355
-0,33889538
-0,45061043
-0,08957204
-0,3064788
0,3136282
0,2969914
0,43616802
0,03906578
-0,13449478
-0,3380296
0,36872613
0,38395655
-0,05853769
-0,46368435
-0,12889186
-0,29381272
0,29627466
0,105300486
0,1252312
-0,29444927
0,42024332
0,09163183
0,20272434
0,028679848
-0,35580933
-0,35735506
0,046379447
0,027862787
0,0858354
0,09648377
0,33858788
0,124097824
0,2867452
-0,08158481
0,24524283
-0,43728375
-0,054494977
0,42217916
0,00015610456
-0,104198635
0,48993236
0,3654753
0,28633457
0,44446445
-0,36005956
-0,3718511
-0,21894792
-0,01641506
-0,27177578
0,33247346
-0,03965023
0,42322075
0,26858813
-0,12697688
0,49746007
-0,22487986
-0,35564578
0,25615907
0,26031977
-0,017951518
0,4971341
-0,4148204
0,107224345
-0,37300557
0,05415666
-0,2629301
-0,19473833
-0,18982431
0,039268374
-0,4263382
-0,12536362
-0,44853434
-0,2961762
-0,25957054
-0,33513796
-0,3948654
0,08633715
-0,16132075
0,2052803
-0,2207954
0,3858202
-0,32888156
0,22533393
-0,42343515
0,007047832
-0,1675263
0,1171006
0,41727477
-0,22606432
-0,47600245
0,2126072
-0,48832577
-0,14634457
-0,4721526
-0,32960886
-0,0604572
-0,42421192
-0,3312859
-0,32408756
-0,11795688
0,20365632
0,085295916
-0,22977561
-0,30271977
0,1222353
0,21924031
-0,20061955
0,15167868
-0,080779254
0,45882136
0,27008688
-0,4100535
0,374452
-0,22470829
0,1578849
0,49304926
-0,32151914
-0,19773343
0,10768819
-0,20862031
0,19596887
0,40554613
-0,43404284
0,46880037
0,05514252
-0,04701981
-0,37401813
-0,05273655
0,35948658
0,42740607
0,3643921
0,4647755
-0,43851846
0,28504413
0,23508811
0,13231725
-0,25525838
-0,4905383
-0,34337962
0,23497033
0,32436
0,4866932
-0,47731924
0,21580637
-0,09137821
0,25409126
-0,4499427
-0,08016124
0,39898175
0,33470428
0,45769715
-0,4965892
-0,27617544
-0,22138804
0,07957804
0,009294987
0,12016547
0,13967043
-0,396391
0,35390192
-0,1639595
-0,00039982796
-0,06401211
0,38882393
0,22437501
-0,035006523
0,2930435
0,26354128
-0,0008917749
0,348804
-0,43547586
-0,39706874
-0,41881785
-0,028031826
0,46709174
0,35209447
-0,40370744
-0,24980032
-0,15897414
0,1718409
-0,44678345
-0,12166017
-0,46769866
-0,27820104
0,04123795
-0,0034809113
0,1314435
-0,35898328
-0,22017798
-0,16907424
-0,06723651
-0,15880275
0,05221039
-0,43593642
0,009707034
-0,28973758
0,11547536
0,14393336
0,29859954
-0,0026998818
0,17322904
-0,23298621
-0,24362728
-0,087352306
-0,34457505
-0,41401923
0,48805004
-0,12640178
0,41289157
-0,017436922
-0,27623716
-0,4478415
-0,48645598
-0,38105693
-0,23970759
0,20819879
-0,079206884
0,2070688
-0,28071487
0,31815916
0,25289696
0,13636893
-0,10234046
-0,052889735
-0,4112559
0,136886
-0,25758082
-0,042105407
-0,0881457
-0,028048396
-0,4946461
0,45455235
-0,35542285
0,22779638
0,0017543435
0,22106427
-0,21529356
0,1265052
0,3681811
0,33399647
0,024828136
0,061632037
-0,42535102
-0,07625145
-0,10011649
0,19329709
0,053568482
-0,46458244
-0,22567531
-0,106865615
-0,30365008
0,3854596
-0,092089385
-0,46255413
0,077783704
0,2131052
-0,22232452
-0,02634728
0,082047224
-0,462944
-0,324138
-0,04911837
0,31532198
0,26960242
-0,19177979
0,13840228
-0,40943965
0,3309536
-0,48220873
0,14066553
0,10125589
-0,027898282
-0,1883423
-0,29211575
-0,13636395
-0,19539097
0,33705455
0,16452694
-0,11655375
-0,25703716
-0,43168494
0,24443042
-0,10002613
-0,28891975
-0,3319559
-0,4783791
-0,10243344
-0,33681473
0,3998503
0,3842758
-0,055390894
-0,44519755
-0,27246556
0,27646422
-0,48872262
0,46760058
0,14954132
0,08647621
-0,29932174
-0,4229211
-0,004043311
-0,4778909
-0,22797146
-0,14982572
0,23632658
0,16934067
-0,34372747
0,13576007
-0,19652298
0,06818825
-0,4663198
-0,05722314
-0,13912171
0,005253315
0,02183485
0,18600518
-0,43145454
-0,18228745
-0,042625457
-0,3133087
-0,3755349
-0,42309675
0,28383076
-0,485547
-0,37697256
0,28318638
-0,48883435
0,26048374
0,38110703
0,0085271
-0,27781177
-0,0734629
-0,08864415
0,46368527
-0,10716483
0,19367856
0,007801771
0,020523727
0,27342105
0,087073565
-0,13000327
-0,102883875
-0,001660347
-0,0089331865
-0,13126019
0,25938475
0,10484326
-0,3913496
-0,27395537
-0,376799
0,47456157
0,31780344
-0,27757335
-0,0046178997
-0,033670068
0,10366422
-0,024092048
-0,35416594
-0,23774791
0,16821301
0,40123504
0,24208874
0,35754555
-0,4555935
-0,12370545
0,44067812
-0,1371873
0,31595618
-0,20221415
0,08221084
-0,46583918
-0,40020022
0,13942575
0,28577048
-0,17108962
-0,17570406
0,14737791
0,054187477
0,27693188
0,26253003
-0,4933926
-0,37256178
-0,2432985
0,37027985
0,3961466
-0,39505127
-0,2292043
-0,131684
-0,3420741
0,22987187
-0,44843104
0,4204204
0,23805398
0,028658748
-0,12374845
-0,04211873
-0,37530297
0,3477955
0,061154425
-0,20013824
0,34863752
0,22045362
-0,26857144
0,4701022
0,09029269
-0,0074962676
-0,108929634
-0,1836712
0,37179434
0,49289656
-0,27280748
0,16097724
-0,23484302
-0,22723824
0,43053913
0,06855869
0,10781002
0,2706476
-0,14053783
0,22398883
-0,1091201
0,4718908
-0,3507863
-0,23740622
-0,12546629
0,28672123
-0,38754803
0,16044325
0,44686466
0,007580161
-0,2117919
0,25414813
-0,16100943
-0,24251506
-0,19075224
-0,4896588
0,24409938
-0,2710634
-0,4716031
0,12040174
0,41791523
0,081513405
0,09551418
0,13801837
0,47789836
-0,19151601
0,083679676
0,34113693
-0,38289613
-0,24881989
0,09635705
0,3477928
0,1906783
0,41835368
-0,07937738
0,23593909
0,36085153
0,30159652
0,1776411
-0,21566987
0,13636559
-0,33764017
-0,29008293
0,22709101
0,44604778
-0,37593025
-0,25212044
0,48977244
0,12620604
-0,33707377
-0,48565158
0,2769283
-0,0787186
-0,4708296
0,43212295
-0,37624183
-0,38761124
0,05692762
0,4599955
0,2319293
0,06957477
0,4106927
-0,030754447
-0,30650407
-0,29506436
0,14574319
-0,0002527535
-0,1499444
-0,10121825
-0,33765766
0,004376769
-0,24645364
0,10515225
0,25567818
0,13113868
0,17233527
-0,108329415
0,21500492
0,13070458
0,11344707
0,028091133
0,31600273
-0,46373534
-0,23816851
-0,4452503
0,37958926
-0,096252084
0,26539552
-0,06833771
0,3550002
0,40133387
-0,06500113
-0,0008306205
-0,21275747
-0,096538484
-0,30895913
0,2646441
0,0866819
-0,13083768
0,13461101
-0,42716017
0,40304935
0,42838103
-0,16368273
0,36882013
-0,41967067
-0,096191674
-0,4067529
-0,20608413
0,3765791
0,3471824
-0,10313192
0,23156339
0,17633647
0,3229679
-0,03175074
0,352934
-0,4079802
0,29442066
-0,015473396
-0,3228919
0,20104212
0,18297344
0,4775083
0,28050447
-0,2321653
-0,34856388
0,039741755
-0,10107127
0,13764346
-0,009072781
-0,4789554
-0,09624824
-0,16239569
-0,1388118
0,39068025
0,49671072
0,45078695
-0,31806582
0,14304554
-0,23245221
-0,15544349
0,16748226
-0,32131815
0,049071074
0,12716764
-0,38228244
0,20349157
0,13209641
0,33051932
-0,2697444
0,3266983
0,43210006
-0,31639415
-0,2502129
-0,3345204
-0,22279257
-0,228888
-0,4983106
0,48912716
0,084915936
-0,14464933
0,12619859
0,16434175
0,38618094
0,13272488
-0,44193292
0,13568783
-0,38164794
-0,48447978
-0,3198517
-0,31105483
-0,11527231
0,13370991
0,29100364
-0,37892956
-0,40247557
-0,20998517
0,22717196
-0,4439302
-0,10853419
-0,25715503
0,14240402
-0,10422188
0,40509814
-0,4876373
-0,3986135
-0,14970955
-0,32961828
-0,16413507
0,49739587
-0,48130375
0,3282171
-0,4188075
0,28600872
-0,013784021
-0,49356958
0,42412865
-0,06003648
0,1004253
-0,36980012
-0,33975816
0,32206774
0,18504018
-0,29873553
0,4751885
0,11643088
0,16775161
-0,35897356
-0,2878762
-0,33201542
0,19584
-0,07798332
-0,23316813
0,38384295
-0,14257059
-0,20268452
0,3397628
0,29387414
0,37889624
-0,04415676
-0,18734285
0,24531347
-0,35416746
-0,43152767
-0,42325476
-0,05616191
-0,46394414
-0,4578644
0,17705232
-0,49340466
0,06732339
-0,2112695
-0,19981632
0,27805382
-0,3953639
0,22878563
0,018159032
-0,18384865
0,11143839
-0,03164044
-0,3392926
-0,24864739
0,09363347
0,047531247
-0,3316242
-0,13073817
0,026268125
-0,04546964
0,13835084
-0,20919397
-0,07077479
-0,458329
0,34575242
-0,076254666
0,03630638
0,053079605
-0,47451332
-0,182242
0,49419516
-0,23569277
0,061972737
0,3981682
-0,3600427
0,21862143
0,39112556
0,26027864
0,23417002
0,05882007
-0,43612203
0,49927658
0,14729714
0,46142238
0,37744695
-0,0642319
-0,14587972
-0,3678708
0,19825047
-0,4432781
0,24853814
0,34897846
-0,32102
-0,103044
-0,07770902
-0,38581958
-0,06245911
-0,26889607
0,27874488
-0,21410671
0,09777117
-0,05553025
0,103667915
-0,45889682
-0,23885807
-0,018856823
0,47112495
-0,053819895
0,1403963
-0,05045852
-0,1470983
-0,4838553
-0,16196722
-0,10919458
0,14687794
0,29691738
0,3522526
-0,40341485
0,1865102
0,17263246
-0,3916525
-0,24602476
-0,09901491
-0,37656716
-0,49151495
0,10469252
-0,06840098
0,35416168
0,44880867
-0,09017506
0,058556795
-0,32533902
-0,063489944
0,02004397
-0,2548325
0,46311975
-0,40777177
0,21420479
-0,10928774
-0,41199356
-0,3890972
-0,14556614
0,16008663
0,08701271
0,49642503
0,06552309
0,12112242
0,28021246
-0,28449437
0,29376614
-0,012019068
0,4315967
0,4249934
-0,11205873
-0,21591592
-0,44186193
-0,45404956
0,29803854
0,32439578
-0,01669404
-0,28640026
0,49922848
0,41753346
-0,31407532
-0,062078208
0,46342683
-0,21868649
0,14911962
-0,12701988
-0,05453202
-0,016049504
-0,18220466
0,3644631
-0,44507024
0,36337352
0,38620383
-0,25986382
-0,33307862
0,009035468
0,43634802
-0,010998189
0,17857707
0,41258806
-0,2826259
0,060873747
0,35866326
0,4183684
0,23158997
-0,3811039
-0,33123267
0,28304893
0,12695247
-0,13750747
0,011565983
0,31691283
-0,23471054
0,43399423
-0,042686462
-0,24884719
-0,029539704
-0,19014707
-0,11923441
0,42018294
0,455576
0,037855744
0,30266947
0,39413714
0,46829718
-0,30127364
-0,15998885
0,46603686
-0,30432835
0,3757583
0,110113084
0,12412655
-0,3992765
-0,11078256
-0,19082594
0,12756497
-0,42557278
-0,17904747
-0,2139653
0,018406272
-0,4873603
-0,25160846
-0,40090853
0,44811338
-0,23729166
0,46384543
-0,2997936
0,4743101
-0,20922872
0,35037076
-0,41974944
0,24897897
0,25313824
-0,27489114
-0,28680205
-0,48287186
0,3495509
0,3644684
0,3088156
0,26803052
-0,16096124
-0,43772095
0,33105862
0,29859793
0,0043805838
-0,25875816
-0,04857555
0,12106103
-0,29532927
0,26369894
-0,12037903
-0,10656041
-0,016971648
0,24248296
-0,070730984
-0,16898715
-0,45383552
0,49930477
-0,35456973
0,41848946
0,15161753
0,4823599
0,14774913
-0,4483791
-0,032549262
0,1972962
0,449579
-0,4499594
0,24258459
0,14240104
-0,40812585
-0,15214628
0,28327805
0,17354631
-0,34538665
-0,35826713
0,37901545
-0,102468014
0,4449064
0,35419577
0,15413928
-0,0096654
-0,30551046
-0,40764946
-0,06225586
0,07726395
0,12672293
0,46409565
0,108400226
0,09564668
-0,11873558
-0,026918322
0,40557927
0,336204
-0,4027447
0,43723565
0,30586684
-0,21587828
0,42833328
0,4712839
0,3192895
-0,0005580783
0,31518054
-0,11469334
0,3718496
0,44389588
0,39036167
-0,13896081
0,27958834
0,4630385
0,10647535
-0,47662333
0,29079682
-0,46569514
0,35241836
0,39956385
0,04346025
-0,21575427
0,07256353
0,38460797
0,023885667
0,36381352
0,012901127
0,4717962
0,06448454
0,25194293
0,07195437
0,31854928
-0,39823353
-0,3701756
-0,4614138
-0,34286433
0,25402486
-0,08920848
0,009388387
-0,37778103
0,34704858
-0,019786865
-0,32105213
-0,37107894
0,026234567
-0,33676493
-0,18982169
0,31982183
0,003703475
0,083509505
0,41985095
-0,3055355
-0,28322434
-0,14353466
0,35999215
0,13716936
-0,38720378
0,19667804
-0,043295622
0,44612402
-0,14419341
-0,18352655
0,42531556
-0,12733042
0,101744175
0,16597831
-0,37947112
0,35074818
-0,49450377
0,2249698
-0,16672647
0,44839782
-0,4078502
0,33344114
-0,26502764
0,08708024
0,22155553
-0,047857344
-0,33670983
-0,33023548
-0,43035352
-0,18304297
-0,2526395
0,34036642
0,10103834
-0,0016691983
-0,06532973
0,03441727
-0,100823164
-0,14617568
0,0368765
-0,40438825
-0,23170865
-0,005338311
-0,37615615
0,012298942
0,4155107
0,24735361
0,25753707
-0,27444452
-0,4474193
0,2748618
-0,23129821
0,19296402
0,34199232
-0,17300108
-0,28170568
0,13648653
-0,32403588
-0,15790087
0,09597027
-0,43046242
-0,23886344
0,2677461
-0,4913872
0,4331069
-0,23956096
0,30158222
0,28566098
0,010449946
0,048605323
0,02449286
-0,2827658
0,028437316
0,35572696
-0,3406009
0,48166734
-0,23860744
0,1475485
0,03380561
0,14990807
-0,32287073
-0,07691619
-0,3360976
-0,18554863
0,27614266
-0,090155244
-0,045522302
-0,029824823
-0,22090763
0,44314235
-0,28143358
0,35689545
-0,08587769
-0,36025727
-0,272967
-0,07079238
-0,33650613
0,28891462
0,28218484
0,28104943
0,050496817
-0,4436307
0,25871122
0,44981593
0,11365849
0,04944229
0,17663395
0,07222521
0,17290664
-0,021216065
0,056788743
0,16736478
0,35745883
0,22145683
-0,33712345
0,1775257
0,45328724
0,43463773
-0,14307421
-0,012380213
-0,18834108
0,3923511
-0,30825144
0,20720315
-0,15234828
-0,04803431
-0,23468155
-0,41190705
0,00879544
0,48808014
0,13194615
-0,091472924
-0,44074467
0,165932
0,07692778
0,0010842681
-0,053943843
-0,2609682
-0,059107363
-0,2889629
0,109597325
-0,42117375
0,2528404
0,025012255
0,3053952
0,014444649
-0,44988376
-0,49340683
-0,026053607
0,28009444
-0,09586316
-0,014767736
-0,1735299
-0,32266057
-0,120189756
-0,20178595
0,004602015
0,16775542
-0,35720867
0,23241925
0,49827933
0,41543597
-0,3683421
0,47699988
-0,2631672
0,119734585
-0,42693967
0,47440082
0,42428154
-0,45708442
-0,4935256
0,04297912
-0,36505753
0,025934577
0,15368879
0,047757447
0,0070745945
0,46894646
0,40829676
0,005698383
0,27223825
0,05876434
0,028018892
-0,18357271
-0,46426952
0,23149794
0,33259952
0,20573556
-0,42069656
-0,11750117
0,45150554
0,2881598
-0,39806852
0,44255567
0,38434213
-0,24513045
0,0564577
0,49192202
-0,010182381
0,2247256
-0,38408795
0,39556164
0,110209584
0,048255265
0,42058802
0,4636494
-0,33801955
0,185363
-0,08581549
0,35139644
-0,22430474
-0,34561434
0,13323003
-0,07091251
0,116566956
0,06397754
-0,39332318
0,3543195
-0,31738597
0,07649398
0,09651369
0,48478138
0,07064408
0,1291101
-0,12731463
-0,031064004
-0,4146809
0,3714006
-0,020498931
0,014553845
0,46862817
-0,2909388
0,16840553
-0,058780223
0,39387167
-0,18621433
-0,4466533
0,08318025
0,34758317
0,30502802
0,40458256
0,033415675
-0,31267762
0,2642476
-0,11988631
-0,05403313
-0,3345161
0,41649145
0,20440382
-0,28951907
0,32541627
-0,31012136
-0,2652766
-0,112688065
-0,11219874
0,35143226
-0,42401782
-0,09421614
0,31957573
0,32318294
0,4669944
-0,05313617
0,40159386
0,11206567
-0,43015397
0,22428143
0,20277345
0,4809003
-0,27087504
0,14425433
-0,1246939
-0,23909366
0,42399228
-0,41694915
0,13646102
-0,22826847
-0,40219223
0,008677542
-0,47892815
0,33986187
0,13280535
0,21578437
-0,34649587
0,37007076
0,2572124
-0,4208648
0,23262262
0,3115878
-0,106921226
-0,16169178
-0,028862119
0,05287093
0,100186646
-0,4147322
-0,23128814
0,15960628
0,4621886
-0,06554636
-0,17430714
0,033553243
0,17064995
0,089944124
-0,1936051
-0,34245867
0,07214934
0,45142746
0,4023617
0,43644154
0,19183284
-0,44434974
0,4981717
-0,40287274
0,1705352
0,18223786
0,065862834
-0,33409494
0,032750547
0,3918522
0,42130965
0,16961032
0,37324625
-0,26898792
-0,28571552
0,31180972
0,43242526
0,32478654
0,14662987
-0,19106603
0,16611314
-0,0060562193
-0,2899394
-0,103016734
-0,41583598
-0,03868428
-0,20262012
0,4593563
0,26266342
0,38282192
0,0010640025
0,41805393
-0,12201664
-0,16776481
0,34339195
0,07990652
0,39454055
0,38516265
0,46158177
0,41624624
0,12463361
0,43768233
-0,067925334
-0,16454059
-0,025142908
-0,24295017
0,34430796
0,33743393
0,40605104
-0,13023862
0,026318073
0,3955366
0,044219255
0,20915323
-0,36504072
-0,21247354
-0,17890525
0,31115276
0,27425003
0,4255064
0,15910387
-0,32681632
-0,09868422
-0,006201595
0,2918476
-0,29520112
0,47514617
0,033068955
0,3084386
-0,17866597
-0,17311099
-0,31406155
-0,38288468
-0,060377926
0,2077545
-0,49339163
-0,11150077
0,13956583
-0,16045278
-0,0253928
-0,3714509
-0,48484015
0,23718524
-0,035159886
-0,27609766
-0,0071053803
-0,07977146
0,16816741
-0,4158654
0,12856835
0,22405064
-0,44098458
0,19439471
0,43848455
-0,18836233
0,2919966
0,19522125
-0,38465917
-0,35010296
-0,22644934
0,36150557
-0,010611355
-0,31939995
0,1244356
0,010557473
0,35340613
0,008415043
0,22592068
-0,45029673
0,12761885
-0,35029912
-0,068408996
0,3947944
-0,33747908
-0,03316778
0,48119044
0,47192144
-0,4639281
0,45737988
0,1589281
-0,3558976
-0,27011588
-0,4525957
0,47414213
-0,11616364
0,39565498
0,025993466
0,15577292
-0,23588875
-0,06864953
0,03854972
-0,100871
-0,47332466
-0,18972921
0,06764871
0,25564396
-0,10005334
0,25387746
-0,10605243
