60
125
0,070456445
0,26176357
-0,38751626
-0,48215547
0,46979618
0,41025484
-0,47503597
0,044359982
0,13219613
-0,48981062
0,0048682094
0,02056235
-0,07624295
-0,2878825
-0,0019406378
0,15086794
0,1635217
0,4137233
0,0055499673
-0,002948165
0,33649462
0,07786149
0,47664547
-0,23291689
-0,37695086
0,335271
-0,43223405
0,11568165
-0,48918694
0,30561095
0,14678782
-0,108731866
0,104111075
0,14900774
0,19465351
0,23062646
-0,022916049
0,17944431
0,23080713
0,27255303
0,025645971
-0,2864284
-0,11652297
0,25761878
-0,34791592
0,07568455
-0,3572864
-0,005905181
0,338507
0,21355617
0,33447802
0,21897137
0,22346765
0,11538696
0,33230615
-0,12253231
-0,25265107
0,15400535
-0,49356428
-0,4171661
0,2472763
0,41336876
-0,020859957
0,016192853
0,053991914
-0,313494
0,31953144
0,040214717
0,3001197
-0,13448578
0,15512282
-0,20967299
0,22489029
-0,46069935
-0,38296026
-0,2925858
0,34691572
0,07867503
0,18768454
-0,48894963
0,263072
-0,28735048
-0,10358739
0,36460352
0,2792756
-0,49728078
-0,12112841
0,40803486
0,1964727
0,4060809
0,41281432
0,49286932
0,3090613
-0,25776702
0,34363246
0,12134278
0,20820332
-0,05374521
-0,00017467141
0,17130923
-0,07229978
-0,451156
-0,012473553
0,06550634
-0,32426387
0,25029606
0,3089813
-0,3112943
0,2810486
-0,17216378
-0,21127003
-0,41370088
-0,3389132
0,058406472
0,04554665
-0,48061544
-0,4283377
-0,23867783
-0,4965576
-0,30832532
0,12653017
0,39430124
0,105226815
-0,33871156
-0,45694715
0,21237797
-0,21476474
-0,10123876
-0,046423405
0,047392607
-0,24931288
0,28413594
0,44658232
-0,2898935
-0,29121864
-0,2896018
0,1419391
-0,28033167
-0,24522325
-0,36304867
-0,046793193
-0,27338338
-0,4407686
-0,30970323
0,3798964
-0,3758971
0,25101268
-0,066776425
0,17853016
0,25820202
0,48159176
-0,4928216
-0,48867092
0,19620585
-0,026316375
0,20806497
-0,42815202
0,057502806
0,21616101
-0,29213375
0,19640881
0,24919605
-0,15450674
-0,4225052
-0,32994702
0,01908511
-0,104484856
-0,10291189
0,0010585189
0,06431162
-0,045538604
0,30883121
0,17286092
-0,42976564
-0,20124668
0,2851041
0,44020987
-0,16436645
0,19332355
0,43669808
0,2652074
-0,27076212
-0,4081472
0,49094588
-0,4692218
-0,21354207
-0,45411348
0,18942147
0,14299232
-0,22614059
-0,13079569
0,14490855
0,009267747
-0,35027057
0,06473988
0,38906878
0,14585996
-0,49254894
-0,22936302
0,015793145
-0,4509395
0,14166397
0,3543278
0,2839952
-0,15949681
-0,47579384
0,2176621
0,37028968
-0,0119968355
-0,3701778
0,21936303
0,0985505
-0,1721437
-0,1407907
-0,48247573
0,42991066
0,17375344
-0,46242416
-0,22365773
-0,46556604
-0,17519003
-0,49932206
0,45926803
-0,016984344
0,22419602
0,36321753
0,03973931
-0,016512007
0,19017655
-0,105689675
-0,09598032
-0,19366828
0,40266222
0,28799522
-0,2704519
0,21552593
0,2643075
-0,085119605
-0,14893031
0,42424405
-0,21970147
-0,20474526
-0,35379255
-0,22542617
-0,0048103034
-0,1452674
-0,356818
0,11681825
-0,31684875
0,13830203
-0,14997035
-0,31184357
0,22265023
-0,27924776
-0,3677736
-0,058151603
-0,20394796
-0,10280365
0,3202985
0,43360782
-0,115351886
0,33974797
-0,44705257
-0,4841523
0,309565
0,48570377
-0,26155075
-0,27768528
0,050759733
0,40051633
0,47567576
-0,45277405
-0,10876557
-0,1814158
-0,18365303
-0,34989566
-0,06755304
0,10266173
0,3489521
0,020088375
-0,092788965
-0,0031694174
-0,018169492
-0,16273162
0,044476032
-0,25631505
-0,24520579
0,46196026
-0,16248634
0,28065264
-0,055977523
-0,45673987
-0,17480323
0,41129947
0,34259814
-0,40616995
0,45663905
-0,24908909
-0,32889128
-0,47261336
0,4112327
-0,090979815
0,22162533
-0,09409669
0,0868569
-0,36254603
0,3369196
-0,14861727
0,18539256
0,48119044
0,21987563
-0,40366834
0,43324488
0,29149562
-0,39009646
-0,060281277
0,0041468143
0,13606203
-0,46935624
-0,122012764
-0,30924618
-0,31059352
0,30426633
-0,40541255
-0,23047563
0,16752654
0,03707707
0,063755095
0,16321152
0,4084596
-0,0016077161
-0,38250163
-0,45100057
0,0064578056
0,023085833
-0,32261375
0,15276802
0,17821175
0,19530159
0,3796656
-0,13922283
0,44094187
0,37512624
-0,3345251
0,132954
0,49558926
-0,32650554
-0,49302015
-0,31648934
-0,37858564
-0,17867309
-0,019716501
0,15357506
0,13875651
-0,32541156
0,14834619
-0,34277546
-0,32685852
0,22898841
-0,42665803
0,07641679
0,15520322
0,18312746
0,10217589
0,395675
0,2217204
0,01934874
-0,47520465
0,42974645
-0,19835013
-0,036566913
-0,37659687
-0,04802662
0,36845177
0,29376388
0,36284357
-0,29695413
0,4432994
-0,26268905
-0,27608234
-0,31884456
-0,2048144
0,27325606
-0,1181041
-0,40543938
0,40609044
0,10790616
-0,20209071
0,085855365
-0,17714459
0,18258578
-0,39194965
-0,0072758496
0,16187662
-0,4693325
-0,004444182
0,2839296
-0,3933463
-0,08871186
0,24444431
0,06607795
-0,15723526
0,10386962
-0,09061113
0,45369542
0,014361143
0,33407444
-0,12499493
-0,13060677
0,39208722
0,17016745
0,11928153
0,055759966
-0,43310714
0,42697346
0,40236944
0,17174685
0,06964195
0,07035357
-0,010401547
0,39712393
0,42507887
-0,4592572
0,31068504
-0,1651603
-0,24569649
0,4118588
0,38739097
-0,27090585
-0,10778418
0,14336926
0,45629776
-0,0027881265
0,27522194
-0,47193578
0,46122384
0,01610279
-0,003428489
-0,21898845
0,018821955
-0,019646049
-0,11555633
0,15266442
0,3607068
-0,39016676
0,026269376
-0,13658607
0,3576771
-0,4707779
-0,31780785
-0,28258997
0,45051402
0,34131134
-0,3290298
0,019392967
-0,1548669
-0,30281448
0,16726577
-0,2641584
0,4093567
-0,35525376
-0,06301141
0,26700258
0,34714258
-0,08527595
-0,46065542
0,28152966
0,123545825
0,21872866
0,37547135
-0,33249187
-0,13725695
-0,18088368
0,3981194
-0,3533949
-0,047193736
0,36398822
-0,20121774
-0,11815697
-0,14558229
0,36189395
0,33105534
0,031799853
-0,34509403
0,23644304
-0,24175689
0,06798768
0,35756034
-0,08549452
-0,23679045
0,0024111867
0,3385287
-0,37053245
0,44273615
-0,40919238
-0,089576006
0,055900216
0,12830937
-0,3257783
-0,45290363
-0,093318135
0,07346392
0,4562539
0,46360976
-0,32924753
0,32325858
0,31495857
-0,032844245
-0,47228688
-0,37308735
-0,31586528
0,34103572
0,45334083
0,20830983
0,38069087
-0,35299784
-0,2691339
0,38936234
0,4883234
-0,04625213
-0,40281823
0,0017186403
-0,051496595
-0,30437437
0,3186742
0,4215395
0,16055793
0,4272744
-0,012932241
-0,39488176
-0,035859972
-0,040795803
0,0023798943
0,3322543
0,24616623
0,26012868
-0,33147508
-0,100613
0,21431965
-0,34740156
-0,007251203
-0,051551342
-0,20382407
0,42709696
-0,46188626
-0,4425415
0,13034707
-0,48678276
-0,24685577
-0,007853657
0,14609426
0,07212162
0,49474978
-0,22237524
0,44677347
0,179744
0,25345945
0,46941644
0,44557106
0,0069630146
-0,24236423
-0,07857567
-0,4525187
0,2511587
-0,48175097
-0,3559625
0,24637395
-0,40457845
-0,17689839
0,49054343
-0,052410156
0,16107023
0,26912856
0,421053
0,4829111
-0,12550384
0,48505414
-0,1516957
-0,19294876
0,35487992
-0,0161362
-0,46797928
0,058840156
0,0022023916
0,11660081
0,2993837
-0,24369356
-0,17047825
-0,03867635
0,042895257
0,054154396
0,43450165
-0,37224424
0,49256277
-0,27752692
0,44595218
-0,27660882
0,25685167
-0,13498053
-0,41219664
0,16978925
-0,24436656
-0,4752089
-0,01001063
-0,16313037
0,31087542
-0,34954262
-0,079485804
-0,018804163
0,13893282
-0,03174761
0,037058473
-0,027101785
-0,050036043
0,0002797246
0,17459768
0,46359557
0,47861612
-0,257792
0,45782948
-0,4832968
-0,01222986
0,4793946
-0,33236217
0,30096072
-0,3576917
-0,30927116
-0,3293996
-0,4494585
-0,21742085
-0,27261415
0,15821803
0,31477475
0,25352573
0,2514814
0,40020394
0,44578838
0,035649955
-0,44518033
-0,32629022
-0,38203102
0,4022237
0,47131693
-0,16165006
-0,12991625
0,40644002
-0,34911767
-0,34334213
0,15156609
0,24330652
0,07441282
0,17578691
-0,27742898
-0,14860928
-0,039731264
0,16938204
-0,0961422
-0,42042568
-0,31915608
-0,15300709
-0,13852939
0,4529453
-0,11301935
0,46193933
-0,016195446
-0,4389899
0,3657236
-0,20282829
0,42076904
-0,14265609
-0,02054736
0,093586445
-0,39374635
-0,41919935
0,008361399
0,21076012
-0,32696527
-0,25466144
0,03903222
0,31065625
0,16609555
0,16682845
0,13674909
-0,04557383
0,33370888
0,15137422
0,415582
-0,17679688
0,20159245
-0,37596804
-0,2044529
0,47587997
-0,43258402
-0,38242447
0,16299784
0,35971457
0,005155742
0,4669193
-0,3577737
0,14726716
0,40965748
-0,11576176
-0,10925594
-0,44061497
0,21448374
-0,48574248
0,33641607
-0,23437515
0,3171115
-0,2204456
-0,097135216
0,25608158
0,02901113
-0,4601497
-0,43627924
0,41799283
-0,48071444
0,1504687
0,080341935
0,2723567
0,069119096
-0,19965118
0,1657064
0,007892251
-0,2548269
-0,33970058
-0,34643394
-0,25983596
-0,1408653
0,49609488
0,025084436
-0,46887693
0,42275447
0,06735283
-0,3742174
-0,22905093
0,28755623
-0,44427297
0,23052901
0,13296491
-0,25069296
-0,15919018
0,049010336
-0,04732561
0,13703334
-0,37386245
0,33094645
0,04407531
-0,020075828
0,36021274
-0,45856088
0,008336902
-0,339643
-0,36850348
-0,016513497
-0,44952554
-0,2542128
-0,078104496
-0,44082007
-0,3544572
-0,1591393
-0,16386619
0,3458646
0,039072037
0,48156756
0,058847606
0,1629312
0,34935778
-0,46435127
-0,30743507
-0,3083091
-0,14389732
-0,16363499
-0,45383376
-0,25617403
-0,21500346
-0,20954567
0,020730793
0,23842949
0,26928508
0,3601743
0,02247852
-0,14024207
-0,3068183
0,3651896
-0,3833794
0,35290003
-0,27646434
0,47968954
0,20969933
-0,4281419
0,16627288
-0,36658573
0,18349272
0,34805727
0,16222405
-0,4103386
-0,042975545
-0,1796946
-0,30283058
0,06651032
-0,1254789
-0,24118885
0,4106372
0,38881892
-0,35137558
0,17329752
0,44658446
-0,039420813
-0,2630477
-0,25156534
-0,30744517
-0,3556891
0,076058984
-0,257718
-0,013967693
0,4920357
0,38244385
-0,48203883
0,46524644
-0,43275636
0,37662023
-0,49511865
-0,4159003
-0,3103788
0,31662297
0,3153702
-0,23560888
0,1269148
0,14923054
0,022301793
0,45156533
0,44681185
-0,47456408
0,05543506
-0,38929033
0,042798758
0,08960229
-0,18949369
0,1334039
-0,25721866
-0,16561714
-0,31201798
0,1088261
-0,31123894
0,1653685
0,19503355
0,023308814
-0,38995668
0,4994111
-0,21180636
-0,47221845
0,42283988
0,47437274
-0,34871784
0,1902901
0,36212182
0,3538854
-0,19263905
0,08866793
-0,39221373
0,29140252
0,3014354
-0,037741274
0,45292926
0,24615914
0,412946
-0,14410454
0,02389574
-0,35325348
0,49852145
0,3171537
0,38502622
0,218624
-0,49481955
-0,4214628
-0,37877908
-0,27303424
0,26171565
0,003168404
0,16277826
-0,44759578
0,0057049394
0,33037704
0,3102218
-0,36346084
0,18399757
0,3014648
-0,20472354
-0,47321633
0,048933566
-0,15695193
-0,47873902
-0,0146353245
-0,089056015
0,19794309
0,38694775
0,34873664
0,3486334
-0,2802348
0,39522517
-0,15049925
-0,24041
-0,43687943
0,3506841
-0,47272682
0,094789445
0,19651312
0,03412509
0,28590465
-0,41690797
-0,38333964
-0,034211814
0,11875838
-0,23438162
-0,07416776
-0,48217145
-0,3321658
0,10884392
0,15159965
-0,46226004
-0,45680475
0,24117559
-0,10018116
-0,029564977
0,35195726
0,15405422
0,022144616
0,24682838
0,35574108
0,24515504
0,34190357
-0,30832258
-0,15806043
-0,22516581
0,23878711
0,024512768
0,19054002
0,084109485
-0,15786627
-0,38464734
0,06885022
0,29842252
-0,4974795
-0,21276492
0,30283535
0,09035975
0,043655455
-0,48653787
0,097254515
0,4438113
0,3878501
0,05621642
-0,49294057
-0,27822047
0,21078575
-0,09532091
0,23390412
0,043530047
0,3922016
-0,20902166
-0,17641896
-0,31028768
-0,1968055
-0,40529183
0,24632019
-0,43526408
0,32691348
0,19434154
-0,14042136
0,38592482
0,46205276
0,42924446
0,14842081
0,112654805
-0,3128491
0,34516966
0,33507103
0,29890817
-0,4033944
-0,09302753
-0,051890284
0,28498095
-0,4141642
0,24293113
0,11805618
-0,3942898
-0,18673575
0,2507829
-0,38334543
-0,08254847
-0,027117997
0,33530325
0,15850621
0,030409753
-0,49477687
0,09281498
-0,039598167
0,3664025
-0,19139162
-0,4578505
0,30312717
0,10081059
-0,21205112
0,095351875
-0,39121413
0,1513409
-0,13332978
0,12999803
-0,37675354
-0,32066077
-0,41988474
0,12016368
0,16654235
0,29149997
-0,014267534
-0,4681405
0,41321856
-0,048318624
-0,23696283
-0,0010789037
0,03209126
0,25428522
-0,16183984
0,2500651
-0,30292195
0,32806873
0,002336502
0,07496625
0,045265555
0,14720875
-0,23940116
-0,17734128
0,18666661
-0,18913296
-0,078619
-0,30551702
0,32063967
-0,29636765
-0,49696922
-0,24138397
-0,49427605
0,14414829
-0,063498706
0,4440465
-0,25106865
-0,34632286
-0,44043696
0,0035114288
-0,16038856
-0,15821466
0,33146024
-0,06230232
-0,059662372
-0,45621175
0,3909273
0,20517844
0,14714837
0,0476408
-0,14590234
-0,44942364
-0,20939395
-0,4464357
-0,077907175
0,3706553
0,06391555
-0,15487239
-0,23348728
-0,49374652
-0,4682778
0,44668812
0,27317262
-0,02131787
0,35237873
0,4102742
0,1452735
-0,056468576
0,21696746
-0,4085166
0,15549904
0,2187171
0,32126093
-0,4091665
-0,07026005
0,16873336
0,4812712
0,07061207
-0,48116183
-0,35445413
0,4594543
0,26779956
-0,45911485
0,21551657
0,18591404
0,4557525
-0,49115553
-0,21612492
0,24533427
0,05859196
0,20921576
0,18996817
0,27269727
-0,3996965
0,23844087
0,46719283
-0,3823257
-0,016429842
0,24437422
-0,05371976
0,26152235
-0,48650128
0,4900298
-0,21365565
0,4537462
-0,03027317
-0,069708854
-0,09126955
0,2416091
-0,2474668
-0,25631428
-0,10641295
-0,09240571
0,051369846
0,06201881
0,2784871
-0,49612528
-0,33244747
-0,21230108
-0,278562
0,15147799
-0,41139
-0,3554966
0,4710474
0,192213
-0,20431077
0,201244
-0,4878754
0,3223126
-0,2696967
-0,23227847
0,085410595
0,20536536
-0,47374937
-0,10975957
0,3159309
0,4569382
-0,35607335
-0,28691941
-0,3871715
-0,28390074
0,13834977
0,2888679
-0,24607539
0,04514742
0,3467725
0,20911604
0,27362496
-0,06963
-0,08030218
0,19029355
0,15707117
-0,005808562
-0,4440631
-0,042324334
0,41791236
0,20514071
-0,48478153
0,41832817
-0,0033054054
0,3526005
0,058864713
0,24315077
0,25541896
0,33538687
-0,3607794
-0,39787427
0,1329692
0,2566735
-0,26261207
0,20181471
-0,39015275
-0,4626941
0,23567384
-0,16966519
-0,102539
0,2582764
0,26298285
0,23810089
-0,45061746
0,062481105
-0,28128183
0,083932996
-0,27506793
-0,44686007
0,23157048
-0,4102561
0,43727094
0,46284133
-0,3667432
-0,24531865
0,36884916
-0,3881924
-0,45897457
-0,1856544
-0,32069942
-0,48365137
-0,11886078
0,14200723
0,32993466
-0,16194308
-0,27365655
-0,45591426
0,11522728
0,0861842
0,46102452
-0,17770493
-0,22593921
0,14094704
-0,031126022
-0,24772963
-0,49278212
-0,021486223
-0,39513338
0,31333148
-0,040453017
0,47238857
-0,33087987
-0,30594862
0,23564899
0,051716805
0,23705089
-0,23313189
-0,20748791
0,444439
-0,022548258
0,03132075
-0,06456992
0,48859972
-0,3089209
-0,24812663
-0,1157023
-0,43005195
-0,09942421
-0,367553
-0,09064567
-0,2676509
-0,42163455
-0,3244952
0,37689948
-0,4949628
0,21091634
0,07641631
-0,1398679
-0,4362655
-0,34372744
-0,27892685
-0,06982303
0,10987097
0,3379171
-0,3722243
-0,38571635
0,17125195
-0,08903009
0,17433351
0,09625912
-0,03906867
0,26567805
0,46265316
0,30460602
0,19027817
0,27699238
0,4586441
0,11220658
-0,11051634
-0,1410672
0,37059343
-0,27157623
0,06909186
-0,48875725
0,05553806
0,23012954
-0,22597125
0,09380585
0,08087307
0,3238709
-0,49107382
0,4326946
0,40549004
-0,107960165
0,479105
-0,38911146
-0,22086525
-0,2691937
-0,19809467
0,26873088
0,37157923
-0,09266782
0,036061704
-0,04019177
-0,1331887
0,18204767
-0,044636935
0,10624486
-0,2692768
0,4386909
0,42546695
0,12884688
-0,094622165
-0,14478415
-0,41049433
-0,08093634
0,30166173
0,0746094
-0,4157076
0,19337231
0,012609899
-0,14358154
-0,19708386
-0,051783115
0,18612778
0,13904661
0,13969684
-0,12929466
-0,49015713
-0,3507355
-0,4625987
0,49003845
0,25325155
-0,4154809
-0,29328403
-0,013864398
-0,45722494
-0,0341776
-0,3271308
0,20919669
-0,37532845
-0,09948701
-0,21930021
-0,21659881
0,16482961
-0,39505535
-0,20986626
0,10784435
0,1776678
-0,39359808
0,41903383
-0,14423802
-0,2851777
-0,4568232
0,25684756
-0,4342132
0,39331514
0,47490287
-0,23848096
-0,0074180663
-0,27211523
0,47359926
0,11269081
-0,01795441
0,04216057
0,32194257
0,14346325
-0,027237266
0,36561048
-0,42089322
-0,037852407
0,19139844
-0,40080264
-0,23242646
-0,04439193
-0,15499371
0,37615788
-0,23062128
0,0660426
0,0970307
0,4596824
0,1389932
0,4822803
0,15555996
-0,2957752
0,15961546
-0,39316213
-0,1073848
0,1886006
-0,27069047
-0,05446157
-0,39713904
-0,42067802
0,20664316
-0,3801031
0,26627713
-0,19981647
0,06676859
0,33855486
0,42179883
-0,43345404
-0,34636125
0,27849
-0,08347559
-0,3626744
-0,32611406
-0,200302
0,16157782
0,050140798
-0,4164363
-0,49296743
0,21770716
-0,024714112
0,45319444
-0,3574521
-0,2434448
-0,15459234
0,17643017
0,3179456
0,35039634
-0,043387562
0,3215872
0,45219338
0,43434185
-0,37805164
0,042235196
0,18252313
-0,23919895
-0,036066145
-0,124420494
0,03506899
0,03264445
0,30058706
-0,26584053
0,20253938
-0,11233765
0,4753254
-0,23553258
-0,14522898
0,30134493
-0,44145596
0,22135413
-0,00016474724
-0,024467528
0,025190294
-0,015650809
0,16786909
-0,26815274
0,3613795
0,064525366
-0,053358376
-0,012569308
0,14308941
0,32243973
0,0648064
-0,13735613
0,301059
-0,43301582
0,300923
-0,14636946
-0,20242718
-0,10157329
0,107364476
-0,15144885
0,39874905
0,04990834
0,10882527
-0,24917036
0,4565488
-0,46994874
-0,39521548
0,49163723
-0,07977328
-0,44031957
0,08584821
-0,48407012
0,4467473
0,09698135
-0,02627775
0,21043742
-0,45840463
-0,29024735
0,45639807
-0,39007175
0,434911
0,4467712
-0,3005246
0,041703224
-0,35152256
-0,26549202
0,3450932
-0,20484316
-0,022020668
0,26722044
0,3706345
-0,3048212
-0,35129654
0,42581546
0,16207296
0,038624823
-0,0135706365
-0,1613465
0,17398512
0,37335932
0,3973521
0,17657483
0,33728915
0,17537254
0,055877447
0,14073133
0,27443475
-0,4579814
-0,050855815
-0,419408
-0,41969433
-0,098511785
0,38136774
-0,24991867
-0,2420848
0,20599085
0,17791343
-0,23017636
-0,09053916
0,32727724
-0,39985082
0,14258635
0,29087645
0,44820553
0,059939086
-0,233388
-0,071759045
0,1393435
-0,28439116
-0,28169817
-0,0021081567
0,2846933
-0,019424021
0,16905689
0,1449874
-0,392771
-0,4345901
0,020098627
-0,24423295
0,09816706
-0,12162447
0,42997003
-0,17540058
0,35456485
0,47058702
-0,1388846
0,29165405
0,29928792
0,48464447
0,053731203
-0,2681376
-0,12269065
-0,14066446
0,23756808
0,24678463
-0,19872168
0,24718183
0,30646384
0,24051577
-0,09334862
-0,23817721
-0,10323301
0,3529362
0,45242155
-0,37004846
-0,3905573
-0,19741872
0,36331928
0,2319938
0,12663919
0,42284465
0,4414745
0,46858364
0,32807994
-0,38360748
0,23418301
0,06702018
0,23976028
-0,14333603
0,33743823
0,11636722
-0,020689458
-0,027286202
0,35036606
-0,040100336
0,31788826
-0,14961502
-0,29128084
-0,40458637
-0,03865832
-0,3999231
0,17547429
-0,47588775
-0,3577602
-0,36024052
0,45173943
-0,23089468
-0,47999638
0,2540027
0,11516905
0,16950464
-0,2869537
-0,11280635
0,46608752
0,49494922
0,1183455
0,39726323
0,034040093
0,49408925
0,28795558
0,23858607
-0,32276905
0,3544293
-0,014777482
0,03332585
0,41518372
0,4804451
0,21424752
-0,2761292
0,45205152
-0,36567286
-0,110491514
0,41003293
0,056280255
-0,48543772
0,0008353591
-0,30646104
-0,2254296
-0,2497217
-0,115207404
0,07860613
0,12346691
0,079687
-0,052302748
0,3351217
0,41491908
-0,45135668
0,18580645
-0,088651955
0,12685847
-0,23516124
-0,390024
0,3856814
0,3115288
-0,34057078
0,2896496
-0,4418159
0,06493646
0,15834504
-0,45790178
0,48157978
0,48516244
0,08861619
0,08415592
-0,24206644
-0,31330872
0,26054376
-0,12738398
0,34217352
-0,46822774
-0,041252315
-0,0340468
0,07305759
-0,1958004
0,28490174
-0,37596357
-0,1843234
-0,092042655
-0,31066334
0,45335358
0,38913363
0,45769465
-0,007938653
-0,08579111
0,23825598
0,32921827
0,36097527
-0,48001
0,18344796
0,36246544
0,42796004
0,39451635
-0,48750332
-0,0055150986
0,43525374
0,040459573
0,46700668
0,30019653
0,1229713
-0,4562033
-0,35549602
-0,29603773
0,42014277
0,053819418
0,2225579
-0,473606
0,2510479
-0,21133405
-0,4109247
0,1794194
0,021958053
0,48675513
-0,46483827
-0,0701105
-0,47234523
-0,19732058
0,0014718771
-0,26433656
0,16038573
-0,31804973
-0,19848582
-0,22306499
-0,36478424
0,07623297
0,45526624
0,48367685
0,25544423
0,43896472
0,22897148
-0,2922592
0,06527823
0,24562144
0,26965368
-0,19571882
0,14813858
-0,26557982
-0,24857157
-0,40933126
0,059311807
-0,32579654
-0,19072175
0,33478475
-0,05858043
-0,092328876
0,13858205
0,16355836
-0,4091747
0,24497461
-0,018967777
0,20997411
0,41861552
0,15738934
0,007940114
-0,45835388
-0,19872206
0,36295533
0,3074788
-0,17927197
-0,15600261
-0,24426967
0,22443509
-0,23616955
-0,17144427
0,010831773
0,06827605
0,4262113
-0,16782266
0,04956019
0,34927762
0,36125135
-0,41582733
-0,23257259
-0,15090445
-0,4594651
-0,28243366
-0,37253287
-0,41331327
0,33162254
-0,1886963
-0,30841014
-0,19120029
0,17064679
0,20906991
-0,22029757
0,34366947
0,088920236
0,2729048
-0,05064568
-0,40039438
0,2128554
0,25567758
-0,012844533
0,36927003
-0,23320484
-0,44693917
0,44496268
0,4194168
0,38066626
-0,36203957
0,15503788
-0,123719335
-0,11737022
-0,45095783
0,23940766
0,18455058
0,07798076
0,47220325
0,17207026
-0,38066727
0,05929005
-0,31916225
-0,16933101
-0,41848093
-0,095680624
-0,21286175
-0,41955346
0,059592605
-0,154057
0,34300333
-0,4423843
-0,3304432
-0,38828632
-0,32333702
0,034343183
-0,3445993
0,021053076
-0,052485228
0,032458782
-0,41225797
0,26488632
-0,014520168
0,40092325
0,45207554
-0,4274388
0,26405233
0,13217211
-0,08258659
0,23169833
0,16782308
-0,24976128
-0,0052512884
0,4459344
-0,011506826
-0,40482685
0,4653989
-0,32674047
0,21933061
-0,030779123
-0,4459505
0,0655812
-0,16960531
0,45804572
0,32435995
0,11549759
-0,388623
0,27376378
0,14879435
0,056324303
0,33778793
0,385826
0,16215432
-0,18980819
-0,13315162
-0,36958936
-0,46678048
0,20947891
0,23097956
-0,2006472
-0,49219725
-0,40689653
-0,3214727
0,45577598
0,45563054
-0,32904196
0,26773
-0,20315534
0,37622803
-0,2861997
-0,14281738
0,46175402
-0,30334535
-0,42096227
0,12013197
-0,19320047
0,35559726
0,3549013
-0,39237005
-0,27951074
-0,08985227
-0,43548456
-0,10126135
-0,42454234
0,31649774
-0,2858718
0,36168176
-0,21891078
0,45655853
0,3024434
0,49984998
0,38840926
-0,047861636
-0,08315778
-0,022905767
-0,40652457
-0,46182328
-0,051974624
-0,02460152
0,114471674
-0,19638303
-0,06042987
0,32941926
0,32221466
0,2737834
0,0330891
0,4802841
-0,16719216
0,14797723
-0,41863418
0,33270025
0,35706758
-0,19700304
-0,23546147
-0,27620924
-0,38889265
0,02132386
0,32667106
0,07331157
0,25711906
-0,32487875
-0,22854578
0,15102577
-0,2857632
-0,3596476
0,13176918
-0,24137044
-0,3676888
-0,29792374
-0,089074224
0,31716126
-0,3044959
-0,40096122
-0,27092645
0,3520732
0,2365886
-0,3146822
-0,12082863
-0,05802834
0,06284976
-0,038251996
-0,29461873
0,34771538
0,30380487
0,0010148883
0,42569852
-0,22788998
-0,35058862
-0,37393355
0,2643054
-0,35651904
-0,26431397
-0,092256844
0,022321105
-0,10822064
-0,112226605
-0,16899422
0,41843903
0,26272118
0,022648215
0,22418922
0,25342536
-0,26454395
-0,16638371
0,15757
-0,43218023
0,1683802
-0,07184401
-0,40138113
-0,20617262
-0,38971195
0,4372812
-0,44603688
0,020775318
-0,013695538
0,10727984
-0,44778517
0,10350829
0,44889265
-0,14579526
0,037045598
-0,31503707
0,049057722
0,32462472
0,46375793
-0,016384512
0,099607766
0,49886775
-0,4041746
0,08213639
0,48967373
-0,10494539
0,17011267
-0,06587517
-0,25312626
0,24676204
-0,12614787
0,24190044
-0,079761684
-0,4171919
0,4107731
-0,21179786
-0,35344273
-0,28647554
-0,043343633
-0,05410096
-0,4422247
-0,4211148
-0,19715184
-0,3829353
-0,1149739
0,14519936
0,41367167
-0,3347806
-0,16713312
0,0041513443
-0,29951248
0,012964845
0,17252606
0,0778777
-0,16756508
-0,02912718
0,05788535
0,41847908
-0,04649082
0,39828974
-0,0055789948
-0,27176872
-0,13601726
0,20256776
-0,25466174
-0,43551916
0,032923818
-0,2782013
-0,27133876
0,4530384
0,22291905
0,0189057
0,2287988
-0,17826074
-0,3009884
-0,15270141
-0,42921686
0,057033896
-0,0016360879
-0,40197325
0,28440183
0,17943943
0,33216637
0,025794864
-0,42149585
-0,47462925
-0,02186194
-0,47919333
-0,31972444
0,15182424
0,30923855
0,10394746
-0,3902995
-0,17546403
0,28062606
0,2510621
0,050420284
-0,28920013
-0,31177524
0,24493062
0,18766671
0,19032538
-0,2936631
0,30339485
-0,15080777
0,1814627
0,42529607
-0,25671372
-0,06049019
0,31327385
0,2926123
0,031422675
-0,3913517
0,15468931
-0,32555154
0,48468256
-0,20236623
-0,26336586
-0,06688014
0,39277446
-0,10531491
-0,11845699
-0,4044661
-0,33062983
0,08824259
-0,22054517
-0,05147341
0,3329544
-0,2023592
0,22657293
0,035477042
0,37776732
0,41259062
-0,027334929
-0,464307
-0,0017334223
0,32869303
0,033225656
-0,38714433
0,16272187
0,030267656
0,123595655
-0,3355382
-0,19139156
0,09678513
0,40982288
-0,22174585
-0,30866164
-0,4627202
-0,3157626
0,14009345
0,3880133
0,116475165
0,13605338
0,14549214
-0,24966708
-0,3803306
0,068381846
0,20683485
0,3049708
-0,202768
0,34028286
-0,11942351
-0,49044442
-0,08370617
-0,11414656
0,070195556
-0,301027
0,24016678
-0,26281413
0,12228727
0,43780416
0,22300851
0,01009351
-0,2434729
0,15474015
-0,051742762
0,28822267
0,1666022
-0,2549645
-0,06184697
0,12858945
0,25891864
0,24515116
-0,111151636
0,3133375
-0,2004027
-0,31565142
0,25758362
-0,44023803
-0,48574162
0,39340335
-0,07674241
-0,31109357
-0,008664787
-0,2248128
0,16446495
0,43364745
0,017304659
-0,4794591
-0,18842003
0,33108115
0,34359843
-0,2732571
0,19306463
0,0829978
0,19165874
0,17230254
0,1976322
-0,3624654
0,41676748
-0,19952658
-0,0158993
0,30401337
0,2513932
0,3836646
0,096270084
-0,35231376
-0,19469315
0,0022924542
0,13528895
0,22862512
-0,40960127
-0,21160933
-0,19605684
0,31049418
-0,36814356
0,042117536
0,24382234
-0,1887218
0,17746067
0,084821165
-0,44846007
-0,39619714
0,25352746
0,4582175
0,060497463
0,3511839
-0,47403383
-0,17606509
-0,43243226
0,3636654
0,22686064
0,058838844
-0,42493612
-0,39264834
0,09697932
0,2604795
0,3031248
-0,2663378
-0,47465247
-0,46215767
-0,106001586
0,4288354
0,17921388
-0,33877182
0,18211395
0,29984254
0,15332961
-0,36086637
0,015769362
0,088326514
-0,12291184
-0,045625836
0,1955002
0,2967168
0,011729598
-0,16611007
0,21011072
-0,008978426
0,11404234
-0,0067749918
0,49328035
0,3157413
-0,11345124
0,24606925
-0,45220026
-0,054309517
0,35497314
0,17904192
-0,4209773
0,4773807
-0,17418706
-0,045680374
-0,21494621
-0,0883328
0,024484992
-0,41640013
-0,42030615
-0,08013883
0,40530717
0,48615235
0,21006823
0,096129596
-0,31185713
-0,17841712
0,3755157
0,06028557
-0,18691197
0,07163924
0,39069158
0,4274879
0,20586216
0,2735479
0,0729236
-0,38644174
0,012188137
-0,28023612
0,24064302
-0,10337913
-0,17593226
-0,100716144
-0,11077866
0,23957193
0,2983827
0,1003778
-0,122310966
0,20151186
0,18722236
0,43488985
-0,09655675
0,3352325
0,41242933
-0,40456864
0,26274467
0,2923144
-0,32297176
-0,32116568
0,20077789
-0,47094268
0,14476627
-0,3903352
0,14740664
0,37538236
0,36322397
-0,49229407
0,44564867
-0,2613638
0,027518153
0,48309445
-0,12342745
-0,0032680035
0,19211096
-0,24188972
-0,120473385
-0,16309503
0,11975974
0,32223803
-0,4533426
0,35360968
0,37998217
-0,23583937
0,413853
-0,07315642
-0,3153028
-0,26685873
-0,395462
-0,49633813
-0,42825684
0,42394
-0,32370433
-0,48999178
0,12004709
-0,061466515
-0,42208838
0,45944226
-0,31342006
0,38107282
0,101762295
0,0015497208
0,20178378
0,40771484
0,16890997
0,24095869
0,2686062
0,002424717
0,29708266
0,31974632
-0,41149783
-0,058100134
0,2357691
0,3669026
0,45163655
0,06187433
0,12974453
0,019661844
0,21913177
-0,050704032
0,24399608
0,22982419
0,39456224
-0,29256648
-0,28422382
0,14387137
0,22696209
0,23132604
-0,3827897
0,006519258
0,45396543
0,08520424
0,11481917
0,42319924
0,29695922
-0,19820485
0,38971758
0,005767226
-0,49291444
0,015476108
0,33344805
0,3055911
0,20647174
-0,06904179
-0,4744306
-0,11507639
0,4256078
0,28421623
-0,0016396344
0,46023917
0,06818199
-0,2236374
0,06714183
0,45469594
-0,43567914
0,41493773
0,17974049
0,193326
0,13330865
0,020575047
0,07675427
0,14736134
0,38096684
0,20999902
-0,13788593
-0,115535915
-0,010715514
-0,01964587
0,2577924
-0,12147558
0,009897053
0,16654527
0,13750327
-0,34876522
-0,009647369
-0,076797515
0,06089431
0,4871943
0,41359234
0,47879422
0,1261276
0,36483765
-0,15805233
0,3886901
-0,37086374
-0,20532379
-0,18359873
0,10505527
-0,49383584
0,31334615
-0,47139362
-0,46676317
0,13590878
0,11647987
-0,41680545
0,2550847
-0,44950548
0,43978184
0,027091801
-0,054659992
-0,38020256
0,20559591
-0,2473472
0,42089415
0,49359298
-0,20473933
0,24528939
0,1328786
-0,45539564
-0,44720644
-0,3329395
-0,021000296
-0,020102262
-0,3429849
-0,022692412
-0,43596587
-0,04980299
-0,25795034
-0,32804573
0,34729022
-0,18769747
-0,18463972
0,37636006
-0,021844298
-0,14319879
0,21254927
-0,08462474
-0,27011117
-0,35314387
-0,3624973
0,06263119
-0,3002994
0,1741693
-0,33479208
-0,26360503
0,44126308
-0,15455812
-0,16208911
-0,27944866
0,37419945
0,32626086
0,35704
-0,4973649
-0,15928939
0,3470465
-0,44338718
-0,29385078
0,058392286
0,08565915
-0,31255886
-0,016924977
0,38485694
0,22752273
-0,20674026
0,39932334
0,344364
0,22668016
0,31821758
0,18345952
-0,15617675
-0,16933793
0,43386847
0,3486544
0,02962035
-0,058177948
-0,19872749
0,31201744
-0,08427647
-0,08648372
0,1680389
0,04113245
0,12716061
0,06327975
-0,15592739
0,4225946
0,43417287
0,073459685
0,37638962
-0,4549476
-0,32147884
0,1715815
0,0805822
0,12789774
-0,10456595
0,1535092
0,48807317
-0,39794487
-0,34223768
0,023937762
-0,15243748
-0,35445487
0,35729116
-0,13715917
0,3012911
-0,1081602
-0,024028838
0,20890152
0,17158973
0,45295644
-0,056838453
0,3600704
0,48524338
-0,19869295
-0,22049907
0,16506314
-0,3696941
0,12776643
-0,15231559
-0,34690928
-0,042733848
-0,48901695
0,16073024
-0,35247856
-0,30620557
-0,116432905
0,2622437
0,026227415
0,13252068
0,38903785
-0,1581915
-0,016389668
-0,21297637
-0,07116917
0,07180858
0,46279353
0,13950908
0,15590209
-0,2054252
-0,4499557
-0,41567314
0,0782454
-0,47642082
-0,08867881
-0,021121353
-0,46302408
-0,18785149
-0,1314505
0,44538623
-0,033165872
-0,069966525
0,022577643
-0,44100675
-0,15315536
0,19163579
0,26577502
0,41520768
0,32754296
0,070632756
0,2055341
-0,3618974
-0,24231157
-0,23912156
0,38588613
-0,22696263
-0,16521624
-0,46811822
0,4575696
-0,3144318
-0,22064084
0,02987492
-0,3078843
-0,3565582
-0,22222552
0,23748314
0,3563521
0,041534126
-0,30200246
-0,30223042
-0,48688033
-0,029266328
0,17596322
0,39338642
0,25935787
-0,045399606
-0,180175
0,38431394
-0,31775314
-0,31611902
0,2859339
-0,3087117
-0,012365282
-0,24821386
0,13854128
0,044095397
0,026540041
0,3788795
0,07566619
0,31680036
-0,4734512
0,20426291
-0,2637263
0,14021564
0,10966766
-0,2119874
-0,05846694
0,002217412
0,40618867
0,40292883
0,069761336
-0,018686354
0,2734967
0,49352634
-0,33601832
0,43375707
0,38302654
-0,12863421
-0,30249912
0,28680408
-0,4992497
0,24037963
-0,30724126
-0,27847856
0,32835287
-0,36600858
0,0059927106
-0,35970715
0,07105243
0,28655702
-0,35715675
-0,27303964
0,3014645
-0,0067020357
-0,25796777
0,32929802
0,3375635
-0,18207833
0,16956961
0,1845848
-0,011242628
-0,10792962
-0,46435973
-0,07201913
-0,2336865
-0,39639217
0,041715264
0,4056474
-0,08324006
0,22108632
0,0312894
-0,06389463
0,09046495
0,29892015
0,04593271
-0,31610793
0,45677996
-0,078814775
0,19873005
0,02802217
-0,36201227
0,28355277
-0,09821457
0,23689514
-0,076429516
0,0069725513
-0,08816543
-0,41865754
0,18246192
-0,3735696
0,15139925
0,3873586
0,24832344
0,3244058
0,43024623
-0,06362584
0,009103239
0,22492957
-0,47060877
-0,23303482
0,081169486
-0,41962385
0,25202835
0,36728442
-0,47884324
-0,43335503
0,4223084
0,4803421
0,22412032
-0,43825305
-0,18965456
0,10365605
-0,15581852
-0,43992972
-0,2234844
-0,10310373
-0,36702588
0,20776945
0,13706958
0,4126407
-0,089618176
-0,043054402
-0,3257668
-0,121093005
-0,08794549
-0,44301218
-0,19138247
0,2665047
0,35105246
-0,4920079
0,32077807
0,22581011
-0,09123945
-0,21014917
0,11418545
0,36996645
0,33161676
0,33952695
-0,11249405
0,095378995
0,16388619
0,07604945
-0,37324402
0,35683775
0,2108255
-0,27088535
0,34556842
0,38980997
0,2391789
-0,009314209
0,45244503
0,43317813
-0,3067957
-0,20583951
-0,18291837
0,03340113
-0,4600798
0,037799776
-0,36581546
0,13377708
0,43869346
-0,26147607
0,102960646
-0,0068879128
-0,30304572
-0,17975143
-0,29587388
-0,3214357
0,14431328
0,39056462
-0,0242154
-0,1676743
-0,48269284
0,36463356
-0,41079205
-0,28274697
-0,11482331
0,47459114
0,36234444
-0,2321158
0,38970506
0,15142876
-0,24392137
0,104735315
0,10217309
-0,2925567
-0,23809162
-0,23484391
0,02482152
0,106488645
-0,4163171
-0,078452736
0,29248327
0,183047
-0,18120834
-0,4997785
-0,4059629
0,46937615
-0,4046341
-0,2717718
-0,15106282
-0,047277838
-0,3439327
0,13217145
-0,33864143
0,096174896
-0,26137155
0,33180118
0,05572331
-0,47600877
0,24638271
-0,34619898
0,17711669
-0,24611229
0,39695132
-0,054287404
0,22243375
0,3094998
0,024165034
0,18370563
0,30325705
-0,09724766
0,43392432
0,25362933
-0,26239568
-0,046791226
-0,14675826
0,17327815
-0,4451318
0,2963668
-0,27798545
0,082144916
0,30104226
-0,11233759
-0,08344704
-0,29022998
-0,1542579
0,09284866
0,1018641
-0,3879864
0,43210465
-0,41096303
-0,1665689
0,020098388
-0,41523197
-0,13263148
-0,38694173
0,41011393
0,44050395
0,37080777
-0,2563205
0,26046652
0,34399527
-0,21909294
-0,28933585
0,3947357
-0,12576133
-0,2253083
0,09072691
-0,25078112
-0,3643454
-0,47945628
0,18095112
-0,24256214
0,22213542
-0,01791215
0,30278856
0,46002364
-0,2354382
-0,18218234
-0,384352
0,13935703
-0,03602779
-0,13552287
-0,35172048
0,09748721
0,29175788
-0,3999151
0,14024049
-0,07831538
0,3024963
0,09677136
-0,044026047
-0,17433545
0,4574393
-0,47069198
-0,17184186
0,21086264
-0,065131366
0,29739672
-0,11971125
0,3425907
0,031502783
-0,3006286
-0,042122424
0,24030018
-0,43966344
0,0038371682
-0,0647808
-0,38855875
0,017207801
0,29288185
0,32695478
0,3322518
-0,31188118
0,12154788
-0,42047343
-0,07215518
-0,09450978
-0,35584757
-0,05136648
-0,36821216
0,091335416
-0,19999218
0,08212227
0,053865075
-0,29413378
0,15541333
0,2368741
0,33343267
-0,19355696
-0,068535
-0,1286948
-0,059895158
0,19085735
0,34310108
-0,40599415
0,19871914
-0,16931608
0,36820716
-0,48927546
0,0908733
0,10707164
-0,34031975
0,46980935
0,05186838
0,04545945
0,37877458
-0,17552084
-0,3640837
-0,279777
-0,23089889
0,32634008
0,18394649
0,4412676
0,23179811
-0,2974424
0,38431197
-0,4174134
0,24809372
-0,45916998
0,33890826
-0,093925595
0,36212707
-0,42993492
0,11734748
0,28384328
0,4323743
-0,121329844
0,24065286
0,20670253
-0,017904699
0,12120545
0,111706376
0,2516672
0,40708935
-0,2291052
0,32647765
0,22157937
-0,411249
-0,43468666
0,05009246
0,41570282
0,4882897
-0,39671183
-0,18862432
-0,20354527
0,41142458
-0,4973488
0,14558649
0,009962082
0,2732315
-0,0627228
-0,24110463
-0,067998976
-0,44288546
0,22596341
-0,49827892
0,33611578
-0,21001324
0,2975642
0,050610483
0,29459083
0,019778192
-0,064240545
0,23124087
0,044451177
-0,0066159964
-0,3980036
0,36963737
-0,12962258
-0,047606736
0,1688466
0,35243756
-0,39555466
0,33705318
-0,21392506
0,33794212
-0,095255196
-0,48733175
-0,15295169
-0,35981554
0,13878071
0,47280997
-0,31158698
0,2294634
0,23085266
-0,42010814
-0,22073716
0,33536124
0,09622377
-0,2723711
-0,122721404
-0,08005813
-0,33906853
-0,40933347
-0,17987823
-0,21425158
-0,29308105
-0,019697338
0,3116424
0,44775605
-0,3494063
-0,1663928
0,48654163
0,11070472
-0,4398526
0,46954852
-0,30542076
-0,16947249
0,3777948
0,0056589246
-0,274979
0,16067213
0,3652054
0,25086075
0,13674247
0,17153203
0,46256375
-0,19094205
-0,12692991
-0,22715232
-0,09624097
0,172126
-0,08655462
-0,16963264
0,37094063
-0,16399732
0,33996284
-0,1927773
0,3165192
0,120042205
0,1460613
-0,2801184
0,39517885
0,16595376
-0,35837126
0,2889284
0,2693597
-0,019343823
-0,3011108
-0,21627346
0,38623345
-0,0717237
-0,035586387
-0,03517458
-0,15898538
0,092891276
-0,0850175
0,48207378
-0,21583107
-0,4043214
-0,036149353
-0,046368003
-0,2972427
-0,25867522
0,07334781
-0,3446858
-0,45522827
-0,38279474
-0,3834342
-0,42069876
0,32729995
-0,32332614
0,28259146
0,021729052
-0,24687406
-0,47080585
0,08709431
0,06093228
0,06879914
0,23037398
-0,14169008
0,14344001
0,20121324
0,11807811
-0,1336956
-0,24711946
0,17981124
0,18007934
-0,078850806
0,3287152
-0,42489576
0,3561977
0,26108372
0,46792907
-0,21762276
0,3283667
-0,40545017
-0,48551708
0,04778868
0,10825944
0,11326885
-0,15013614
-0,14309615
0,4562112
-0,25725344
0,10001397
0,32833582
0,00496006
0,16479856
0,49137175
0,18633509
0,24337387
-0,32465687
0,31379932
-0,15818721
0,40128285
0,18150556
-0,47816712
0,08595836
-0,001632452
0,32419896
0,16709411
0,10923761
-0,047225416
0,46350318
0,24167591
0,4063465
-0,3541133
0,44400746
-0,27462476
0,24602574
0,100310266
-0,3932914
-0,1806258
0,097851634
0,009460092
-0,2452738
-0,053446084
0,20655698
-0,3002981
0,04252684
0,41003066
0,11374992
-0,3756221
0,42093194
-0,32873333
0,2896083
0,061080873
0,07350671
-0,11834559
0,02041781
0,12671256
0,37915218
-0,014672399
-0,06613496
-0,15698752
-0,44443545
0,29951543
-0,3447665
0,3988822
0,055598795
0,20714009
0,22300136
-0,20815375
-0,40701228
-0,48023194
-0,2539393
0,22365528
0,45642507
0,06370318
0,27847105
-0,04564345
-0,14263275
-0,49367738
0,31595427
0,2972886
-0,22984156
-0,16663459
-0,40396687
0,13427103
0,274997
-0,2792073
0,0188905
0,3494928
0,101912975
0,4908976
-0,48252338
-0,02451399
-0,22523782
0,27619028
0,37659597
-0,4548885
0,32185233
-0,20350313
-0,3411268
-0,34943956
0,32392222
0,204323
0,031807125
0,45925182
-0,03686145
-0,111385345
-0,29581293
0,03504771
0,17246723
0,3302071
0,26063818
0,15698898
-0,32218778
0,3765173
-0,072368234
-0,08664298
-0,30170557
-0,33918998
-0,40542275
0,40902817
0,12867755
-0,3996001
0,4570822
0,06643927
0,11091977
0,37600523
0,06740737
-0,29972422
0,27993488
0,28430796
0,46684718
0,13407242
-0,11144617
-0,110866755
-0,35282922
-0,15704018
0,16475284
-0,036581844
-0,10941157
-0,49916482
-0,32895193
-0,11435038
-0,06305161
-0,08481568
0,18619293
0,4141425
0,32405835
0,23733991
0,13730419
0,43000907
0,002717495
-0,14654204
0,27242786
0,31357402
0,10992223
0,33000988
0,43896097
0,0747627
0,13637209
0,12296045
0,39069694
-0,13015774
0,22946101
0,04476905
0,49247617
0,12244493
-0,31802824
-0,35543233
0,49503434
-0,14359528
0,080631375
-0,49602607
-0,4770599
0,35111356
0,44859844
0,24578708
-0,39480084
0,3202952
-0,38792706
-0,15860808
-0,2349445
-0,17421183
0,37747884
0,3361398
-0,11391023
-0,3427641
0,46302015
-0,22906232
0,22221965
-0,033981025
0,2684008
-0,3463667
-0,39884728
-0,4074482
0,28687203
-0,09779698
0,31275964
-0,33021423
-0,13958359
-0,13037714
0,4826625
-0,2874599
0,074545324
0,31382656
0,22995228
0,44666266
0,11237067
-0,41007406
0,12838471
-0,13559544
-0,25214612
0,18282813
-0,027201802
0,21642
0,48468953
0,34509897
0,14318597
-0,09388527
0,092559814
-0,39301902
0,20095259
0,40355188
0,37580603
0,45866346
-0,11054948
-0,18304077
0,063188076
0,39491135
0,4827922
-0,2521108
0,47955292
0,3018751
0,31563365
-0,13057628
0,13935345
0,4978013
-0,4461695
-0,22090575
0,21741068
0,1933732
0,036097407
0,06499362
-0,22468317
-0,17655739
-0,44189116
0,27634495
-0,37433508
0,44553667
0,058357
-0,25636572
0,13510162
0,3105411
0,12991977
0,41126937
-0,14307463
-0,05986741
0,09988701
-0,3836224
-0,14014623
-0,04374528
-0,19156736
0,27671278
-0,19530329
0,019592881
0,09759194
-0,3243742
0,21770507
-0,052581728
-0,45463437
0,15067732
0,38974363
-0,16829097
-0,31674114
-0,29171234
0,45459205
-0,312092
-0,21326661
0,3324617
-0,3787387
-0,1304079
-0,37217176
0,44927055
-0,05107823
-0,02352786
0,20580447
-0,36429912
0,25388557
0,42576706
0,41399705
0,31042534
0,015671492
0,12590343
0,48432404
-0,08958331
0,0040656924
-0,02295658
-0,33783618
0,12495738
-0,012710661
-0,3727313
0,123870075
0,4041952
-0,42614603
-0,30247772
0,37636608
-0,17224118
0,014730334
-0,07725808
0,29988408
-0,46788505
0,33466154
0,293868
-0,41325247
-0,4740719
-0,4920406
-0,159406
-0,27389055
-0,16918692
-0,20687678
0,3487379
-0,4881786
0,061821222
0,10692477
0,2562676
-0,4190434
-0,31747693
-0,21412638
0,29092807
0,3448466
-0,104837626
-0,36179698
0,20204318
0,032095253
-0,26115152
0,11062199
0,42820573
-0,05020222
-0,29284605
-0,024082512
-0,19343767
0,29187566
-0,40754098
-0,226847
-0,0767777
-0,4944111
0,008301556
0,10794717
-0,44550925
-0,1545128
-0,07174674
0,22795689
-0,11708465
-0,098027915
-0,35299906
-0,10530579
-0,13971847
0,43659806
-0,1001966
0,17989624
0,105001986
-0,19951192
0,41884547
-0,1553835
0,48752582
-0,49686942
-0,38145378
0,2727663
-0,44763547
0,41078222
-0,40371785
-0,095074534
0,40086895
0,2215634
-0,22604042
-0,30847287
-0,39290294
0,1496467
-0,21070048
-0,18112102
-0,423789
-0,17440611
0,12727547
0,21815884
-0,411203
0,093179464
0,48589736
0,43566275
-0,14914489
0,38627785
0,44871455
-0,22451434
0,07047033
0,41937304
-0,47061092
-0,33627132
0,48714596
0,27203625
0,11940414
0,022280335
-0,2962954
0,03152907
-0,38177347
0,0054819584
-0,2648291
0,39616883
-0,09692821
0,1353122
-0,1504781
-0,17297828
0,10964149
-0,19856983
0,35267472
-0,27175432
-0,22153771
0,15718412
-0,4940193
0,31055868
-0,43801117
-0,12731922
-0,22684991
0,40980923
-0,416253
0,08494532
-0,25350177
-0,2592032
-0,3684127
0,30372536
-0,23838925
0,41262656
-0,27014643
-0,23539168
0,03720039
-0,36005276
-0,4790647
0,43307745
-0,3514288
-0,44677895
0,20401585
0,36186743
0,0021327138
-0,13876495
-0,33639413
-0,26148862
-0,0616073
-0,23038426
-0,079823285
0,40697187
0,0004862547
-0,3476283
-0,34803337
0,16267782
0,1507979
-0,06238103
0,49202222
-0,27748916
0,3173226
-0,032125235
0,047929764
-0,30011827
-0,08682102
0,37209493
0,39735395
-0,05587271
-0,35251817
-0,053949744
-0,27070552
-0,17196399
0,098195374
0,107994676
-0,44747838
-0,039056033
0,41672236
0,26109517
-0,3043598
-0,18391526
-0,036189646
0,26219368
-0,05916941
-0,47385055
-0,105912864
0,25448805
0,4922241
-0,021812707
0,34108746
-0,11460188
-0,35507703
-0,008886009
0,17120308
0,19679534
-0,38653833
-0,27887678
-0,1710465
-0,06445676
-0,26938158
-0,45046255
-0,48797235
-0,06503251
0,39016306
0,3292135
0,18661338
-0,22714445
0,3659113
0,13975084
0,26571196
-0,18489754
-0,049569815
-0,49246287
-0,412054
0,2500406
0,42754835
-0,012420654
0,40559
-0,40480757
0,15833127
-0,17824268
-0,18824965
-0,10265511
0,28441888
-0,20117313
-0,3197736
0,44751525
-0,07241461
-0,18138382
0,2785198
0,1617536
-0,4270622
0,08721715
0,2044496
-0,03410998
0,08109003
-0,21749744
0,30379087
-0,4689352
0,2600547
-0,4328105
-0,15621918
-0,37714857
0,3043195
-0,3092128
0,17513156
-0,49892578
0,17021865
0,22934085
-0,43508905
0,2118026
-0,21082988
0,2582569
-0,4741885
0,20529896
-0,37921137
-0,17064849
0,18107015
0,37891167
0,17727983
-0,056093514
0,4312784
-0,19769081
-0,23361808
-0,18635249
0,29945242
-0,038244486
-0,44250643
-0,038584113
-0,1940104
0,2651347
0,2447598
-0,09689373
-0,07919568
0,40689343
-0,036500156
-0,088804334
-0,1857143
0,26578254
-0,015865684
-0,11680135
0,09358704
-0,47731853
0,46984702
-0,18900988
0,023950934
-0,36449224
-0,16684389
0,47869682
0,034596324
-0,26551932
0,072657645
0,36611742
-0,12969297
-0,30097815
0,30784434
-0,44039264
-0,0035350919
0,123517394
0,3492874
-0,039867163
0,1256761
0,2719577
0,4221503
0,16701245
-0,0357835
-0,18805158
0,13960207
-0,3151465
-0,36116686
0,17848021
-0,15699351
-0,058696657
-0,19097427
0,18751061
-0,31294224
0,32069075
-0,2340211
-0,059735388
-0,48714823
-0,30010644
0,2218101
-0,34351963
-0,11246383
0,24462098
-0,3407713
-0,48428115
-0,23353752
0,46133506
0,00857389
-0,13787863
-0,30646926
-0,12532398
-0,06801686
0,03244388
-0,11437982
-0,26230508
-0,031175375
-0,467887
0,23743224
-0,44219962
0,4838807
0,13958836
-0,0015634298
-0,49743047
-0,32749432
0,07184708
-0,07769713
0,22817647
-0,4915278
0,16837871
0,23722017
-0,26012683
-0,40107548
0,35400057
-0,1290105
-0,110815465
-0,004713148
-0,32618552
-0,48907632
-0,2683124
-0,3698901
0,25377476
-0,45416692
-0,029550254
0,44518232
0,1643911
-0,0489949
-0,00024411082
-0,26049998
0,46645874
-0,20930377
0,33042747
-0,09889999
-0,15615892
-0,056277573
0,29644823
0,36610752
0,14640033
0,3260134
-0,3739971
-0,18144804
0,36223924
0,34972608
0,35597742
0,025394738
0,24974442
-0,22995228
-0,1584109
0,07022512
0,42827046
-0,18018806
0,21605319
-0,08332518
-0,19424555
-0,3918956
-0,22062585
-0,36102957
0,18487567
-0,34751934
-0,2723375
-0,116579235
-0,030285925
0,19484687
0,41681987
-0,030742168
-0,44963694
-0,4377192
-0,18687868
0,4125452
0,26958036
-0,29658633
-0,14282
-0,0072362125
-0,18054092
0,24976599
-0,24090299
0,45127183
0,08558345
-0,18428856
0,19185495
-0,07462859
0,22211093
-0,31049126
0,34482926
0,49341953
-0,0115982
0,336816
-0,17630914
0,29264474
-0,40046704
0,2513281
0,43441272
-0,32570174
0,23416191
-0,2852726
0,2057147
0,4798559
-0,16001728
0,47949266
0,49780273
-0,19254038
0,42052048
0,078799665
0,1437965
-0,24165091
0,42832953
-0,36453754
0,04822141
-0,31229407
0,42548853
-0,44339752
0,030276835
0,46818715
-0,4385472
0,028125942
-0,2071585
0,4203974
0,41675407
-0,35557765
-0,34549028
0,23270613
0,30417573
-0,026067048
-0,27499056
-0,21368605
-0,19597253
-0,15419546
0,49133807
-0,41231975
-0,11083698
-0,3055823
0,45286041
0,30612928
-0,010189593
-0,4357837
0,4073568
0,07812995
0,12332338
-0,33295637
-0,0364469
0,019324541
-0,41850248
0,15203351
-0,14339295
0,29255837
-0,1838316
-0,37744665
0,32977796
0,28407937
-0,036970735
-0,18512946
-0,18435773
-0,13557205
0,49897557
-0,081151605
-0,31520295
-0,38747972
0,27948982
0,39732248
0,018495023
-0,46167913
0,45712852
-0,15275785
0,2929774
0,044128954
0,16155475
-0,49831328
-0,30695647
0,25074744
0,21116734
0,124314606
0,49250054
-0,4481026
-0,33480012
-0,49527392
-0,045327723
0,30799794
0,020325303
0,054629862
-0,15070906
0,40722114
0,13307941
-0,09724125
0,25259066
-0,22367114
-0,13428187
-0,22592655
0,099381566
0,0902828
-0,22215089
0,1812154
-0,1809161
-0,40877342
0,0031337738
-0,4015738
-0,43343577
-0,4416981
0,20799387
-0,033235013
0,12405902
0,21710205
0,018267155
0,23156571
0,028013527
-0,40254495
0,12431884
0,06895906
-0,25441647
-0,10595837
-0,011730164
-0,3454867
0,17819834
-0,33920366
0,112324536
-0,45401463
0,31208527
-0,3828715
-0,44448546
-0,071172476
-0,48434463
0,48549366
0,09268379
0,26446116
-0,41404092
-0,20517844
-0,2788665
-0,069936216
0,35821527
0,26538432
0,1313436
-0,25705475
-0,037579834
0,08076888
-0,14391276
-0,27365476
-0,49605894
0,016261756
-0,28609258
0,41712433
-0,28729588
0,20059955
0,24436367
0,36570084
-0,33401623
0,20776701
-0,09094024
-0,06946191
0,4940861
0,41356397
0,0331856
0,024019182
0,48819566
0,058558285
-0,44765228
-0,17581278
0,15074474
-0,07589108
-0,033403933
-0,11003983
-0,027985781
-0,19820789
0,12964433
0,08464825
-0,19778019
0,16524631
-0,054187
0,27051187
0,2221424
0,098935544
-0,4000971
-0,042416185
-0,16728833
0,45020193
-0,4230672
0,3143496
0,46466035
0,15324205
0,22784889
0,0015348196
-0,20964974
-0,23867574
-0,22400829
-0,4734564
0,47442645
0,009264231
0,34517938
0,14221972
0,13309568
-0,4377764
-0,48294806
0,34403378
-0,42883506
0,44349635
0,34945512
-0,48135075
0,050903976
-0,102905065
0,17326981
-0,40736878
0,3008029
-0,32592124
0,16813028
-0,32307097
0,49194026
-0,47324353
0,41449153
0,37060362
0,021445692
0,38373047
-0,3175381
0,07860392
0,4646139
0,07247615
0,20398003
-0,49338
0,49908024
0,28560275
-0,047926366
0,11332893
-0,32023996
-0,49742517
0,21737802
0,2266519
0,37287486
-0,4833177
-0,20197055
-0,23100433
0,21207589
0,2420699
0,039976537
-0,14937818
-0,049146205
-0,33402053
-0,23221412
0,20001572
-0,075423926
0,35469884
0,064246655
0,09335148
0,057273388
-0,17467234
-0,058110595
-0,026119024
-0,13796675
0,08798659
-0,14660671
-0,33028454
0,40826428
-0,050699323
0,21410817
0,04704851
-0,30080235
0,14940482
0,3847143
-0,42573762
-0,11171222
0,114038765
0,30731422
-0,2913153
-0,32045203
-0,14089414
0,060617745
-0,46980846
-0,40809706
0,26934367
0,061965764
0,4829914
0,36324084
0,10033387
-0,008404493
-0,15113023
0,4034152
0,47737724
-0,394197
0,12334514
0,2075569
-0,26799393
-0,3743898
-0,41201758
0,42598552
-0,07803023
-0,0523794
-0,06346828
0,10710108
0,38533396
-0,17297578
-0,06455293
-0,4300676
-0,45428315
-0,28785264
-0,16243488
-0,38028455
-0,021047145
0,29877228
0,047752917
-0,17673916
-0,036853164
-0,35114652
-0,23430976
-0,24533597
-0,16916674
0,38745946
0,37944412
-0,42777786
-0,26845634
0,2564721
0,25076115
-0,47644722
0,4997394
0,14607102
-0,4881446
-0,21441379
-0,45132083
-0,45010477
0,415474
-0,421168
0,32147384
-0,19342944
0,49563527
-0,05400306
0,47531796
0,19037205
-0,20139456
-0,08713928
0,3282146
-0,46690714
0,40978068
0,43638337
-0,13661435
0,2961446
-0,3150752
-0,35330033
0,36301786
0,34488255
0,45765084
0,26850796
-0,434015
-0,4930335
-0,46952474
0,12931186
0,35149795
0,27145177
-0,18156663
0,18419677
-0,37444708
-0,20774129
0,37986785
-0,28360945
-0,3612073
-0,0992088
-0,36972845
0,24644631
-0,39269263
0,18610924
-0,09409922
-0,42725778
0,0972839
0,46748662
-0,12700254
-0,4492803
0,06797564
0,35323167
-0,41347975
0,13975644
0,28334624
-0,04076299
0,43078148
0,07030195
0,46266204
0,32149845
0,483939
0,48769146
0,018458307
0,4680074
-0,16466737
0,27712548
-0,14889419
-0,1368784
-0,113575965
-0,27826747
-0,34170645
0,08121705
0,21297044
-0,18944165
-0,095944464
-0,49993452
0,10064918
0,4595399
-0,016405523
-0,008362323
0,3704977
0,032583594
0,29322624
-0,004188299
0,4295501
0,037067235
-0,24994189
-0,28801006
0,32655597
-0,2031411
0,079325676
-0,32949114
0,26131845
0,30270356
-0,0007389784
0,016584575
0,32404882
0,1074177
-0,29794285
0,21358287
-0,2853378
-0,47639018
-0,19236663
0,35187972
0,46672863
-0,47367078
0,093437135
0,2627495
-0,45679733
-0,29371297
-0,29388142
-0,050887376
0,2165702
-0,13612008
-0,32735234
0,15286356
-0,47409633
-0,03487864
0,1919182
-0,26013058
0,12913895
0,0905453
-0,24413049
-0,27345157
0,15531445
0,49702013
0,4059536
0,2567832
-0,47661734
-0,47729465
-0,2696278
-0,050926298
-0,2835033
-0,303126
-0,20422381
-0,20457283
0,47947007
0,15112597
-0,31884807
0,14235371
0,0062847137
-0,23398438
0,20031798
-0,07759571
-0,4553237
0,28026217
-0,3045796
0,021078885
-0,03885147
-0,0816282
-0,40556785
-0,34164882
-0,14257827
0,26740724
-0,35256046
-0,15159991
0,28589344
0,4123739
0,45609254
0,32892632
-0,35031837
-0,03598672
0,42682165
-0,4854243
0,2065019
-0,13132843
-0,45035824
-0,017784894
0,38857168
-0,31456044
-0,17097417
0,32021862
0,46341962
-0,35387692
0,017127097
0,37250483
0,2540645
-0,000333786
0,14082342
-0,42762682
0,26233196
-0,18317422
0,38772106
0,23495013
0,43209374
0,39351416
0,47290635
-0,2924828
-0,24314153
0,47140175
-0,2520541
0,48664868
-0,22797218
-0,27704015
0,11555964
-0,104533374
0,124406934
0,27324033
0,23060137
0,17989618
0,19336349
-0,2803554
0,4503399
0,04420215
-0,18045929
-0,39705402
0,32850534
-0,45037854
-0,15741816
0,03930193
0,21301478
0,005041957
-0,45052913
-0,016928077
0,4459734
-0,13085124
-0,1514351
-0,0731034
-0,13779467
-0,20788422
0,44944584
0,33986467
-0,15567377
-0,22569582
0,35212892
-0,48896158
0,04408151
-0,08444995
-0,48814824
0,32722867
0,17146748
-0,31533235
-0,004907191
0,17555642
-0,47715962
0,47970867
0,11734009
-0,2747404
0,19877583
-0,3183741
-0,32435822
0,07636416
0,39563853
-0,390756
0,46659446
0,06250632
-0,30047
-0,17739704
-0,39829165
0,31239027
-0,07088032
-0,46840346
-0,27252722
0,21991366
-0,12726441
0,31510353
0,4705891
0,15646344
0,103147864
0,46792692
0,2805844
0,07885116
-0,41244888
0,4166327
-0,22625053
0,16819602
0,12312442
-0,23706144
-0,46823806
-0,2492806
-0,37664145
-0,3322634
0,42751408
0,34038746
-0,41915616
0,03060937
-0,007758409
-0,21337894
0,12566733
-0,004738599
0,091935456
0,42691296
-0,26593834
0,16280144
0,20413291
0,012133181
0,46883273
-0,3918588
-0,3624809
0,23886836
-0,12688187
-0,16017368
-0,1376664
-0,3349396
0,14565319
0,18099517
-0,18961504
0,47690135
-0,0564951
0,47860074
0,008149385
-0,44153643
0,16511238
0,28128177
-0,07233024
-0,34759954
0,29320592
0,08840847
-0,19930092
-0,43455845
-6,613135E-05
0,2903462
-0,3715636
0,23489195
-0,20949239
-0,24390915
0,22917008
0,41168827
0,3297645
0,15530103
-0,29257387
-0,37782735
-0,25701362
-0,31969672
0,21826792
0,01586014
-0,43303096
-0,19392782
-0,055565804
-0,45535317
0,4600252
0,046505213
0,079624474
0,36785537
0,05377817
0,35706568
0,0534963
-0,28236726
-0,42997333
0,2100569
-0,08668956
-0,34470657
0,29704523
0,10155892
-0,09567052
0,13912016
-0,12421399
0,0498116
-0,40006632
-0,33263996
-0,17456186
0,42903614
-0,23181435
0,31084222
-0,017176688
0,3648156
-0,0324378
-0,4001574
0,15077788
-0,3790512
0,4358129
0,1993975
-0,14057842
0,021642506
-0,13436583
0,0927189
0,279864
-0,080319285
-0,35725626
0,22917205
-0,46063024
0,044457138
0,17020035
0,43015558
0,15853786
-0,3032761
0,49180138
-0,018751085
-0,4365425
-0,09027779
0,43811107
0,15317178
0,2623942
-0,27362803
-0,43462625
-0,45517787
-0,19453266
0,39055502
0,4117329
-0,119831204
0,26571172
-0,18049681
0,21747583
0,3701648
-0,37013182
0,34184194
-0,21969685
-0,2322124
-0,15359366
-0,48968825
0,06714779
-0,010208249
0,31684703
0,14304888
0,19592297
-0,42749327
0,1620974
-0,05971107
-0,3271013
-0,4532274
-0,03487423
-0,13667923
0,09415668
0,37834716
-0,40617925
0,14934134
0,18507999
0,16896743
-0,4109173
0,023765624
0,33792472
0,12853813
0,46758115
-0,157742
-0,43486845
-0,47416204
0,22659218
0,4476121
0,3600589
0,31820673
0,20486742
-0,30223805
0,3111959
-0,092630684
0,1328516
0,3371119
-0,017283797
0,2621026
-0,027820468
-0,15574071
0,17911094
-0,2559622
0,0600667
-0,26342976
-0,29212153
-0,21666399
0,30802274
0,10275513
-0,037669152
0,37228417
-0,046914488
0,44283283
-0,35118678
-0,26090738
-0,17936987
-0,46255398
0,14917076
-0,13041967
0,20887876
-0,19693261
-0,020055383
0,18334264
0,20048141
-0,010309279
-0,1993208
-0,098279625
-0,45211157
0,27774286
0,19093102
-0,37294948
-0,46296412
-0,41422212
-0,14212176
0,031366408
-0,06543502
0,19927597
-0,03204447
-0,2907822
-0,18650839
-0,06892002
0,09601796
0,20785385
0,35966498
-0,2383374
-0,31462085
0,13335353
-0,088543534
0,036910355
-0,3418684
0,4854073
0,3519191
-0,10201767
0,09633452
0,4736976
-0,48467797
-0,46552262
-0,22535437
-0,39757824
-0,09703046
0,49765497
-0,42054862
0,2667758
0,14739037
-0,018274844
-0,08488682
0,30898732
-0,42702955
-0,39704117
-0,19184881
0,02014494
0,2706079
-0,29634628
0,11132032
-0,28296798
-0,14664686
-0,42032763
0,39143378
0,25433445
0,46271032
0,04087299
-0,12657195
0,4551378
-0,3522215
0,3837561
-0,26601794
0,17872399
-0,34391618
-0,3051192
0,48010963
0,48541927
0,2958911
0,29852015
-0,060099125
-0,11408302
-0,2952842
-0,46808758
-0,006030619
-0,27770737
-0,21232572
-0,32830188
-0,025539607
-0,08463138
-0,046456486
0,39714402
0,031213462
0,37228113
0,13911432
-0,31960255
0,3724761
0,030387938
-0,35390985
0,28066736
-0,39199317
0,038869202
0,287484
-0,31592998
0,1520651
0,25971174
0,4797032
-0,44713935
0,4838252
0,04217285
-0,4411855
0,15389758
0,3772409
-0,4482823
-0,039294064
0,069978654
-0,45363462
-0,10545987
0,10675877
-0,014899492
-0,15776849
-0,17174596
-0,49485233
-0,008894086
-0,11496264
-0,0038957596
-0,02185759
0,08812171
0,18576169
-0,36589122
0,10774541
0,057646215
-0,1694988
-0,06628841
-0,25929987
0,43555707
0,4190256
-0,3008671
-0,4705629
0,059295177
-0,3615402
0,28479755
-0,10918313
0,20469987
-0,37643215
0,42235565
0,38380873
0,14973646
0,45270854
0,06325978
0,30583054
0,37833875
0,15340656
-0,091241956
0,18805438
0,4455744
0,43761235
0,24622619
0,3528396
0,21815366
-0,16340882
-0,354558
-0,46798536
0,17681885
0,33147466
0,18611825
0,08478063
-0,37614858
0,15842044
-0,34081137
-0,34999743
-0,09069085
-0,11372927
-0,065377295
0,17996657
0,42421132
-0,16882083
0,19622195
0,31196874
0,36399984
-0,08002204
-0,44398955
0,48349512
0,4423318
-0,33195555
0,012458682
0,3651111
-0,18044466
-0,11538884
-0,03368786
0,262554
0,21989715
-0,33990628
0,27469587
0,42771316
-0,014377505
-0,21793577
-0,16254887
-0,4721096
-0,08968389
0,3080154
-0,12379649
0,09782815
0,43964458
-0,31641394
0,090114534
0,43358117
0,0031049252
0,1820066
-0,45054734
-0,46692526
0,046865463
0,20778853
0,009201944
0,16362041
0,015105844
0,35712385
0,29683608
-0,3368923
-0,20395881
0,30412066
-0,3298855
-0,44163087
-0,010320783
-0,41240335
-0,023457915
-0,054193497
0,18738824
0,21884114
-0,32700986
-0,058698684
0,14110076
0,07637876
0,29278886
-0,28200167
0,48187673
-0,0322963
0,24989682
-0,2808295
0,42155808
0,47630578
-0,21291298
-0,091407776
0,117539525
-0,2935812
0,27637666
0,17574787
0,086541235
-0,33277228
-0,20650706
0,40389782
-0,23749995
0,33267385
0,2634527
0,46501797
-0,3776074
-0,3741082
0,090447545
-0,14803183
0,08521062
-0,0972811
-0,46070117
0,05704826
-0,2143951
-0,08304101
0,040931344
0,3762787
-0,4552824
-0,057913423
-0,408929
-0,0370014
-0,44680786
0,15312028
0,11966157
-0,1433574
0,1192438
0,36084056
0,19640589
0,012656629
0,18519598
0,24084044
-0,24129975
0,29473346
-0,09064326
0,33857
0,02566892
-0,26021403
0,16936994
-0,07641989
0,2566064
0,48611075
-0,25168034
0,16724133
0,07310271
-0,4002694
-0,17008802
0,40653884
-0,2538516
-0,3710449
0,029711783
0,06383377
0,15079123
-0,039850265
0,30064702
0,4721799
-0,25889236
-0,27470624
0,015094399
-0,054215014
0,4874398
0,28654945
-0,10314366
0,023403168
-0,11201638
0,21521777
0,24873525
-0,2843478
0,2557463
-0,15576959
0,35828692
0,10002315
0,032058597
0,18342727
-0,42986488
-0,18228957
-0,17594585
0,16535604
0,3786592
0,41948432
0,38274902
-0,18906835
0,23105758
-0,1396474
0,23219079
0,41819704
0,41395617
-0,041060865
0,39152932
0,49269807
-0,19126394
-0,0849804
-0,4987081
-0,21422502
-0,30166376
-0,33745807
0,12219763
0,1419388
-0,031133235
-0,09274754
-0,28995728
-0,084290236
-0,37119943
0,4631762
-0,49280435
-0,49508643
-0,16319612
0,13224179
-0,325298
-0,028565466
0,005447626
0,13187611
-0,44248825
0,10347581
-0,16451639
-0,1311737
-0,14109415
-0,4102611
-0,09572309
-0,35431337
0,33662635
-0,2143907
0,41269863
0,10907465
0,0048724413
-0,033563316
-0,27069843
0,45081884
0,3080889
0,32045764
-0,17794958
0,03712827
0,46728384
0,30417
0,27898318
0,02052939
-0,22223979
0,374389
0,24229437
-0,12590829
-0,09956226
-0,39266777
0,4037962
-0,08824727
-0,45333245
0,2984714
0,2566691
0,33487988
-0,20320892
-0,06793058
0,4960636
-0,22558418
0,19371033
0,11815739
-0,41939223
-0,37781018
-0,4073525
0,25755042
0,3842247
-0,07289845
0,16833496
0,012963414
-0,23995963
0,17886287
0,23191035
0,09575051
-0,005499989
-0,15272737
0,3499791
-0,4004394
0,06837261
-0,32945305
0,29205012
0,22867435
0,23916215
0,07795918
-0,13181883
-0,4453342
0,38577622
0,3949551
0,17162734
-0,04485303
0,048213124
-0,3388967
0,45024574
-0,23363966
-0,08618796
-0,2342217
-0,21399659
-0,21754247
-0,06197527
-0,48471355
0,31387174
-0,015629917
0,2732861
-0,17419839
-0,12187645
0,18370879
0,4516018
0,022192657
0,3850708
0,35120392
0,40929317
-0,42525378
-0,38424203
0,084990144
-0,2178284
0,4122485
-0,054390162
-0,21293098
0,47771752
0,17256576
-0,4663019
0,47265983
-0,034445435
0,21100259
0,20864075
-0,38577318
-0,35457754
0,19915652
-0,24772885
0,3320641
0,018838763
-0,054150045
-0,2418288
-0,48977816
-0,2809103
-0,12664828
0,42051244
0,10086918
-0,037295043
0,059144497
-0,3595491
-0,4050265
-0,36840183
0,22410125
-0,24294403
-0,15950966
-0,079720646
-0,061756045
0,47905302
0,1348185
0,108238995
-0,1635384
0,107337534
-0,21091458
0,10951394
-0,020513028
0,46529
0,04574102
-0,2711994
-0,21278268
0,21733099
-0,025631517
-0,33518988
0,48867393
0,17884427
-0,36002576
-0,1309872
-0,4093865
-0,35104325
-0,019837528
-0,094295025
0,02791357
-0,3242261
0,089648426
-0,30215555
-0,14371535
0,0309906
0,46399432
0,30807352
0,34960157
0,12988019
-0,15524825
0,48960525
0,12982678
0,29902172
-0,3580271
-0,44437176
-0,05166155
-0,108749926
-0,13469797
0,18721873
-0,11976859
0,43130672
-0,48001823
0,31999433
-0,038702607
-0,103768736
-0,4493564
-0,2304317
0,33925188
-0,39369154
-0,16262022
-0,095137656
-0,24811909
0,4336108
0,02174592
0,48173702
-0,48991305
-0,4628099
-0,18781212
0,087252855
0,40088624
0,12337196
-0,41024634
-0,25029606
0,45314503
-0,20597523
0,05153352
0,043552876
-0,12550223
-0,053298235
-0,33766007
-0,30128348
0,11493629
-0,13615045
-0,38443166
-0,10501543
0,09707749
-0,15946302
0,12711364
0,1626414
0,48476756
-0,40592247
0,12397623
-0,32870844
-0,4910564
0,032514572
0,35406542
0,02515173
0,11609578
0,22028655
-0,031439275
-0,0055512786
-0,072533876
0,2888103
0,37536085
0,34770876
0,10118085
0,037846446
-0,21514732
0,03444892
0,4128058
0,36948937
-0,068256766
0,29983413
0,41665012
0,2598226
0,44633418
-0,10563162
-0,24414638
-0,150089
-0,44546476
-0,23655164
-0,16875234
0,4461791
-0,41410387
0,32955462
-0,35845345
0,1305359
-0,34208646
-0,36107147
-0,28553194
0,38260818
-0,47553432
-0,07834044
0,016040146
0,14756417
-0,35347146
-0,37287724
0,27209735
0,03644818
0,2520305
-0,2607715
0,4577173
-0,4104794
-0,061121076
0,46313208
-0,36178303
-0,48857665
0,23169094
-0,024493694
0,3458025
-0,40838295
0,20614272
0,12009156
0,20438832
0,43804276
-0,46463284
-0,46011996
0,16113436
-0,31975257
0,027312756
-0,3558841
0,49545717
-0,25902522
0,41510874
0,237167
0,045445025
-0,344351
0,35231262
0,24261624
-0,4606644
0,027738929
-0,32544374
0,41182953
-0,3515592
-0,18573654
0,43654895
-0,23236537
0,44485152
-0,37862158
-0,2514101
0,07272631
-0,21262029
0,11677152
-0,027349621
-0,22592375
0,03885925
-0,43584305
0,4922899
0,37003398
0,27097952
-0,16327158
0,2294817
0,2650094
0,4706332
0,25969714
0,4031614
-0,30253544
0,38004202
0,38380593
-0,3767411
-0,42813772
0,28389454
-0,42618346
-0,40833685
0,035386324
0,03619778
0,06423944
-0,44238985
-0,34464335
0,26632833
0,37155163
-0,3022665
0,38920945
0,19249743
0,0150181055
0,4781909
0,026387215
-0,30414844
0,252149
0,24686992
0,2536937
-0,39173475
-0,17545184
0,47210264
-0,06642929
0,28313512
-0,26633486
0,36326236
-0,49164253
0,26940817
0,42196012
-0,3972464
0,466286
0,25135404
0,2633242
0,40987056
0,03636861
0,10592884
0,08380848
0,22002643
-0,016929388
0,47573215
0,13766414
-0,29497612
0,36611915
-0,499769
-0,23979539
-0,3535774
-0,1953041
0,44489563
0,14022571
-0,056781143
0,46371973
0,3466546
-0,16523209
-0,15534827
0,10939443
0,19447893
0,30743128
-0,40700972
0,28591835
0,49141765
0,48464835
0,27979922
-0,401532
0,16019732
0,49250597
-0,49178907
0,25286275
-0,42249107
0,14625108
0,06725848
0,18372023
0,48405832
-0,31642684
-0,24121296
0,06817669
0,18405801
0,016747177
0,20279711
0,44363117
0,05381602
-0,15695286
-0,09632647
0,07252669
0,4728812
0,48736596
0,15796179
0,16547531
0,4493069
-0,24925354
0,4750834
0,3344561
-0,4538748
-0,44266862
-0,1333544
0,2585262
-0,29991737
-0,27396888
-0,27737278
0,29040045
0,25182378
-0,01712513
-0,2911814
-0,3002131
-0,48642397
0,012708545
-0,17196721
0,041026115
0,443462
0,38713616
0,17089355
0,36289662
-0,30774307
0,29784304
-0,49925932
0,023774326
0,09215915
0,30125338
-0,4778202
0,3931784
-0,36779827
-0,22324032
-0,26911345
0,31952512
-0,25151384
0,058180094
0,25020993
0,47772378
-0,29657054
-0,10245177
0,19373268
-0,10306257
0,0140141845
0,21585792
-0,105202615
-0,16985321
0,42082506
-0,016361475
0,28278625
-0,4375236
-0,13420618
0,19261813
-0,30104858
0,48869962
0,23405367
-0,43098792
0,26704645
-0,37352067
0,14129192
0,13751096
0,40329325
-0,09401068
0,22155559
-0,32961497
-0,38903806
0,439781
0,40240967
0,2763574
-0,25865316
0,17093736
-0,25031832
0,49653023
-0,32089263
-0,4930559
-0,111291796
-0,4073124
-0,29830444
0,4638607
-0,13525778
0,16475797
0,2699169
-0,49457297
-0,3346161
0,3609295
-0,19211099
0,020626903
0,011270583
-0,36826622
-0,46762717
-0,21335277
0,45260096
0,11489481
-0,051548034
-0,43149877
0,18211544
0,40669233
0,26369798
-0,49599662
0,22362727
0,12398541
-0,29015106
-0,06689945
0,1144374
-0,14997515
-0,16973355
0,04641527
0,12946224
-0,10325
-0,05759582
0,38750756
0,28225756
-0,011382103
0,49688548
0,07251662
-0,32149285
-0,42712444
0,107860684
0,09229994
0,1880334
-0,21683294
0,28184956
-0,44580135
0,257711
0,30781364
0,3668068
0,4970507
-0,057060063
-0,19039068
-0,12351075
-0,37726223
0,4457605
0,48567665
0,36815542
-0,42986143
0,17347008
0,06828052
0,0316481
0,20197445
-0,14495623
-0,119014114
0,29561073
-0,48048437
-0,32069468
-0,3991257
0,37644744
-0,3006422
-0,031459093
0,023447096
0,111195564
-0,23913729
0,40439433
0,25441873
0,31359017
-0,27041298
0,31021905
0,48514777
0,034534514
0,26252466
-0,17594615
-0,32492465
-0,35669553
-0,12751636
-0,13610289
-0,4294242
0,031591535
0,20395827
0,478361
0,232786
0,30019075
-0,0772925
-0,14874381
0,25540763
-0,36937976
0,2707768
0,14299178
-0,045863748
-0,24822581
-0,072746545
-0,25450003
0,09223342
0,111015975
-0,086583614
0,40695232
0,49445158
0,23916286
-0,29805723
-0,17368871
-0,4275692
0,06321412
0,23731494
0,21357858
-0,48637575
-0,03245479
-0,49514806
0,3354473
0,10489398
-0,4931147
0,30178893
0,4797246
0,43462396
0,21654022
0,16126245
-0,13719296
-0,22542855
0,34198362
0,19281578
-0,3484918
0,19747865
-0,02564314
-0,1834569
0,47397673
-0,26190886
0,17312187
-0,0007131994
0,3492905
-0,13839728
-0,32099932
0,07017183
0,49015445
-0,19906807
0,38798505
0,2123105
0,090039074
0,33972597
0,46593267
0,3204708
-0,2976301
0,05890459
0,45663923
-0,07239899
-0,39415795
-0,061380357
0,45397836
-0,24971184
-0,49407533
-0,4871947
-0,3838116
-0,04475501
-0,45132706
-0,4570973
-0,2640412
-0,3823426
-0,28319383
-0,023182392
-0,16216123
0,4696753
0,44423205
-0,03439668
0,35895085
0,20294523
-0,017814934
0,2889591
-0,42653832
0,21616054
0,32097685
0,09652573
-0,07323894
-0,3020109
-0,18317032
-0,31360674
-0,4658235
0,18414313
0,20894164
0,3482563
0,035938263
-0,42207867
0,13383716
-0,20329627
0,37586504
0,12333554
0,49333364
-0,4530344
-0,018871635
0,49672526
0,12033045
-0,13218158
0,2750274
0,34505135
-0,27830482
0,30253285
-0,31255895
-0,11959115
-0,15940294
-0,1331923
0,2213769
-0,32144007
0,07043904
-0,13497522
-0,4369557
-0,21469346
-0,36596632
-0,364627
-0,43217885
-0,1834045
-0,14201549
-0,050931424
-0,1662339
-0,035838783
-0,22601604
0,37251866
0,3178926
0,39838988
0,0012590289
0,39892614
-0,0927684
-0,28703868
-0,34302515
0,120996416
-0,11732897
0,302644
0,3314836
-0,47670245
-0,39767897
-0,27832717
0,025590241
-0,07884437
0,46091288
-0,19050455
0,11567795
-0,4813795
0,22932673
-0,120972276
0,028431773
0,23700368
0,16549414
-0,46823335
0,30242312
0,43743682
-0,11141446
0,35532254
0,013298571
-0,17151403
-0,04689598
-0,4960613
-0,3761086
-0,41244024
0,14476132
-0,29093355
-0,15556097
-0,48103738
-0,119853616
0,41414177
0,4242589
0,31970507
0,14965981
0,21144408
-0,2602421
0,29849178
-0,40269542
-0,49783406
-0,3005033
-0,21060976
-0,42587608
0,0016354918
-0,31260586
0,22445047
-0,053888142
-0,27609184
0,2053684
-0,30003187
0,1114403
-0,489115
-0,351322
0,060938478
-0,10144976
0,18941295
-0,23917004
-0,29377544
-0,040506065
0,37155902
-0,2382349
0,09694797
-0,088315666
0,06512356
0,48693717
-0,4788543
0,15377331
0,46276122
-0,49290338
-0,19261542
0,16540885
0,25461376
-0,31696743
0,28120983
-0,46064246
-0,16532984
0,4020648
-0,07462436
0,2928943
0,3462667
-0,19117635
0,42361796
-0,4245329
0,46023387
-0,030753016
-0,34358197
-0,37383664
0,24400246
0,17180336
0,45107186
-0,48706836
0,14080787
-0,074448764
-0,42909348
-0,19841781
0,0861302
0,4523611
0,15981346
0,14687926
0,3854093
0,39990115
0,37235516
-0,16047344
0,048745334
-0,17785764
-0,29878008
0,31133896
-0,124504566
0,004255593
0,25188845
-0,15340006
-0,338013
0,03196931
0,44304878
-0,00929597
0,35801655
-0,13106096
0,3774082
0,1401667
-0,09914473
0,0525254
0,062628806
0,30920374
0,026848733
0,106253505
0,44093525
-0,22076488
-0,19575432
0,16133457
-0,3932663
-0,08269763
-0,17289004
0,08345389
0,1790486
-0,120664775
-0,39634717
-0,006722361
-0,057997733
0,18672258
0,25490087
-0,049847096
-0,040754825
-0,41291353
0,16547889
0,44349873
-0,05972016
-0,45203042
0,15825266
-0,22425899
-0,18733516
0,000706017
0,15148652
0,31411433
-0,059150636
-0,40194342
-0,34963164
0,3377232
0,16003805
0,02208376
0,35144186
0,2803055
-0,47758567
0,48510587
0,17068505
0,33953738
-0,41037917
0,13519531
-0,16267043
0,20268536
0,45019776
0,31453967
0,18717116
0,40163416
-0,09927425
-0,14423859
0,121696174
-0,4444944
-0,27524686
-0,49078378
0,21004236
0,18586302
-0,26491523
0,15201461
0,050627053
-0,07967135
-0,015987277
-0,1637302
0,00019729137
-0,18627858
-0,31319863
-0,10004273
-0,4719304
-0,23844835
-0,42325336
-0,2429111
-0,23099169
-0,12402174
-0,38981262
-0,014981568
-0,4887009
-0,4464209
0,017828286
0,069419324
-0,35065627
0,47972667
0,23620623
0,08371848
-0,09714922
-0,29419774
0,14201647
0,2860136
-0,2590515
-0,17002597
0,1273756
-0,48715165
0,020266056
-0,20954016
0,20098847
0,2848748
0,20999712
-0,0891372
0,13555545
-0,13127717
-0,12978935
0,15435249
-0,10258973
-0,13745058
-0,16670102
0,15220088
0,25885856
-0,48152262
-0,08284706
-0,37849486
0,48234886
0,16250157
0,36926425
0,31990004
-0,3699305
0,17665416
-0,25556827
0,32228374
0,4737227
0,051719606
0,17333686
-0,10864052
-0,28975308
-0,348293
0,41215736
0,37376195
-0,44152716
-0,44681203
-0,054976612
-0,118946224
0,27938288
-0,12577343
-0,491212
0,2732455
0,22353369
-0,44408572
-0,22096553
0,4649586
0,23870182
-0,3683565
0,4692825
-0,49730217
0,06371778
-0,41449928
-0,4955965
-0,16059226
-0,15854892
-0,47737288
-0,044311255
0,19219846
0,49114668
0,16162992
0,17327613
0,03936535
0,24327558
-0,40797153
-0,18186688
-0,17821133
0,2715426
0,47423208
0,2545998
-0,48248318
-0,015428573
0,013121128
-0,36734515
0,32449186
-0,10635659
-0,18061766
0,28267002
0,06547707
-0,06757724
0,3172444
-0,28880274
0,22326076
0,21949166
0,24519807
-0,20311812
-0,1794149
0,47913945
-0,18246746
0,32231003
0,023498714
0,14318132
0,065659225
-0,22534338
-0,33120698
-0,16030371
0,28901106
0,31220406
-0,076206535
0,29190457
0,019469798
0,2668662
-0,43531924
-0,067759454
0,070733845
-0,4230487
-0,48164693
0,24456292
0,07474929
-0,18525231
0,46726352
-0,009009153
0,22261631
0,28600705
0,295209
-0,48352292
-0,2278916
0,34454054
0,14461619
0,15799671
0,042879462
-0,30790854
-0,45357212
0,34865493
-0,113799036
0,020121038
0,025573134
0,4578753
0,44089866
0,3547355
-0,44940388
-0,13409626
-0,1803588
-0,4728196
0,10892993
0,49465203
-0,44414827
0,25995678
0,34928733
-0,03527519
-0,43830478
-0,10176572
0,16865581
-0,08432615
0,023127377
-0,15040037
0,29459018
0,2153644
-0,39776298
0,4430068
-0,13721174
0,2774666
0,44928622
0,47787517
0,36470985
0,03617823
0,266791
-0,41050783
-0,06549972
0,44881308
-0,38292867
-0,17266092
-0,4880171
-0,3820107
0,34055722
-0,21551189
0,01581657
0,14918679
-0,0059514046
-0,12777159
-0,17820457
-0,2412914
0,3387317
0,11712587
-0,31984156
0,27650362
-0,49419826
0,23042727
0,25971133
0,22445035
-0,02783963
-0,100344956
0,28239107
0,19579923
-0,2897038
-0,49289522
-0,015645534
0,090698004
-0,18077952
0,21678871
0,44375527
0,25960332
0,03843999
-0,31281132
0,32230496
-0,37576833
0,16073447
0,32032293
-0,05492121
-0,40700638
-0,3369928
-0,17661199
0,0011379719
-0,4370553
0,2313819
0,48688436
0,28575063
-0,05742088
-0,42046443
0,29979712
-0,25031984
-0,2713005
-0,24450853
0,21290618
0,2801894
-0,35235548
-0,38167018
0,24357313
-0,40279946
0,10301781
0,21381593
-0,44563788
0,05355829
0,08530694
-0,24616334
0,03251487
-0,27217907
-0,27495655
-0,110324085
-0,08726445
-0,25006664
0,091803014
-0,23235351
0,12746239
-0,23716465
0,39902705
0,335073
0,30961853
0,4762712
-0,37970737
-0,13799345
0,39883798
-0,028145194
-0,25413015
0,24842632
-0,04656142
0,46846598
0,4577242
0,29855335
0,026310384
-0,13992482
0,21101445
0,28527802
0,43515408
-0,021133035
0,07090664
-0,17053542
-0,12989882
0,03769374
0,2107268
-0,01073882
-0,2661876
0,35096425
0,25769
0,027255654
0,15245873
0,42664438
0,091742694
0,13398403
-0,3422575
0,37562495
0,2349779
-0,43083957
-0,32775575
-0,098839015
-0,22747695
-0,26684904
-0,35223806
0,42482537
0,20122862
-0,31134522
0,14501709
0,11692828
0,3729552
0,4725172
0,38911885
-0,47842106
-0,43858907
-0,08766994
-0,19188315
-0,13105318
0,4661035
-0,4404345
-0,036723793
0,02228731
0,083198786
0,38492233
0,40591323
0,42692488
0,22353297
-0,214293
-0,14737865
0,27527994
-0,18784723
-0,2374146
0,043967903
-0,3332386
0,19446301
0,033718765
0,38714063
0,015771985
-0,41648695
0,37488085
-0,31501904
0,4426145
-0,105341375
-0,07704154
0,07425934
-0,40262574
0,20611209
-0,4685184
-0,39155886
-0,29592222
-0,38830927
-0,4937172
0,06865573
-0,029955506
0,43662548
-0,4178913
-0,34797662
-0,3857917
-0,058736205
-0,29648754
-0,06662762
0,12284839
-0,08061984
-0,41348624
-0,4373313
-0,022276402
-0,3271982
0,38292992
-0,14889842
-0,21710959
0,4665535
0,49574584
0,14926344
-0,17623535
-0,2470581
0,21301603
0,44191414
0,19908541
0,3536532
-0,26185882
0,08667457
-0,039437562
0,09510249
0,3306874
-0,1714516
0,102759
0,06416595
0,006109357
0,2519619
-0,14527088
-0,35022146
0,3642308
0,4013183
0,2707442
0,2576515
-0,44506395
0,43859935
0,22847646
0,25241172
-0,2910787
-0,053440988
0,18822956
-0,23569965
0,48922366
-0,4654324
0,35479575
0,31415272
-0,3539899
0,07038993
0,3387851
0,15036666
0,14687377
0,061468363
-0,49306542
0,40361738
0,24752396
-0,11892924
0,3743614
-0,33643275
-0,08398944
-0,46179432
0,49915147
-0,18610016
-0,1251564
-0,4925228
-0,110725045
-0,43329254
-0,17975706
0,08079493
0,20434779
0,23975581
-0,25141096
-0,35316038
-0,14685169
0,4283213
0,2534188
0,015118659
-0,10284585
0,059521317
-0,18890578
-0,4280892
0,4026022
0,42150438
-0,077987134
-0,43323314
0,19550794
-0,26236463
-0,41014248
-0,24042875
-0,49627396
0,36181962
0,4462893
-0,45186213
0,056457102
0,38204402
0,105769396
-0,36051136
0,4171307
0,22130823
0,34699827
0,2945894
-0,39279675
-0,30332702
0,15007663
-0,17985043
-0,12503558
-0,39726424
-0,07724458
0,090951204
0,11397946
-0,33328414
-0,39356035
0,09489882
0,32233518
0,36920518
-0,11165428
-0,14322674
-0,25030184
0,33182263
-0,1466608
-0,278813
0,026975274
-0,08771452
-0,48753965
-0,28784066
-0,23163772
0,21714228
-0,19379854
-0,4685918
0,49230105
-0,0038982332
0,43623102
0,4926722
-0,23667961
-0,19789523
0,3769459
0,33459455
-0,25201815
0,019935668
0,2624809
0,33693862
0,09713125
0,3848074
-0,20971078
0,00035089254
-0,16866407
-0,09191215
-0,2638502
-0,43797457
-0,1734904
-0,24351776
0,2660423
0,108422816
-0,19885135
0,4159158
0,21122336
-0,21209887
-0,12244612
0,48046398
0,14128852
0,054508746
-0,47614232
0,45095372
0,1951732
-0,11874166
-0,32276714
0,46634245
-0,3869124
-0,1608316
-0,09132436
0,17224878
-0,059201777
-0,309069
-0,2427992
0,11925322
-0,076582104
-0,040857047
-0,10048872
0,4677518
0,36670363
-0,17320645
0,35281396
0,3711816
-0,026236862
-0,41469112
-0,4695659
-0,3474726
0,04186642
0,0854947
-0,4189919
0,4327876
-0,34817886
0,020106137
-0,08821118
0,40812826
-0,09919268
0,10766071
-0,009393185
0,32265353
-0,11824542
-0,056385756
0,4945479
0,055253744
0,08180511
-0,15331924
0,30369806
0,46201158
0,37961358
-0,29567796
-0,024600983
0,4735706
-0,2507959
0,038898826
-0,22258526
0,07438886
-0,4248098
0,013691008
-0,3784119
-0,03827226
-0,15695396
0,20746827
-0,1836583
-0,24752283
0,28501284
0,32857066
0,13647294
-0,20239219
-0,26569986
0,14983755
0,1300193
0,19019598
-0,14548215
-0,3281073
0,41049337
0,17191195
0,34644425
0,3934114
0,08730954
-0,34670222
0,082770765
-0,39457485
0,15362686
0,077216804
0,013281465
0,27058315
0,20469421
0,22102231
-0,1804347
-0,38284034
-0,15069377
0,25522196
0,011925042
-0,39084065
0,44309604
0,048520207
-0,11641684
0,40142316
-0,31693462
-0,44658262
-0,12503287
0,20044452
-0,2717276
-0,4367726
-0,34304154
0,2480998
0,29632902
-0,15804526
-0,2857198
-0,23660061
-0,4310946
-0,04452893
-0,09178874
0,053427994
0,13616872
0,21128213
0,13467723
-0,21880019
0,19436413
-0,41430387
-0,399154
-0,24381107
0,47306955
-0,4815053
0,17695314
0,44571972
-0,37258023
-0,27548483
-0,23381642
0,47908187
-0,15564695
0,25224233
0,12749016
0,30900192
-0,21082947
-0,48876175
0,09867531
0,15267587
0,026719987
-0,28410554
0,33565176
-0,22094062
-0,41095394
0,3934502
0,4220245
-0,3413108
0,31287223
-0,4545019
-0,1935854
-0,00634259
0,008905351
-0,3965097
-0,10535145
-0,21401724
-0,23755848
-0,22798324
0,1698665
-0,2790134
0,40815675
0,30662543
-0,36350578
-0,3683069
0,18728316
-0,45766935
-0,23904297
-0,3358558
0,02033639
-0,36642408
0,29786122
-0,009886056
0,49579346
-0,21659568
-0,45561457
-0,24977404
-0,48965052
-0,13536233
0,22182137
-0,3209741
-0,3679486
0,18505889
0,33628392
-0,47500116
0,1725871
0,32326263
-0,069895
0,4733007
-0,21512964
0,2604612
0,08735961
-0,48738617
0,13204926
0,40718144
-0,4245569
-0,36670876
-0,27547824
0,053628027
-0,3352378
0,23593247
-0,4437827
0,14268756
-0,45652708
0,10009879
-0,15546486
-0,34874165
-0,3442399
-0,0042238533
0,18357891
0,44036597
-0,47728905
-0,27620155
-0,1897201
-0,120658904
0,10578561
0,24071664
0,47229087
-0,49382046
0,3174116
0,15473336
0,23979664
0,2834682
-0,35013375
0,41948694
-0,31139958
-0,3924341
-0,14078814
0,04780048
0,21691227
0,07659876
0,11343455
0,111519516
-0,16949469
-0,30943745
0,46617395
0,46434605
-0,1852977
0,2753321
-0,080111384
0,43997353
-0,4448681
0,3889323
0,14100564
-0,4524592
0,43156916
0,2990052
0,028037012
-0,25688148
-0,32159853
0,15179706
0,033966124
0,21069568
0,46239805
-0,30262405
-0,35324416
0,047776222
-0,12628314
-0,05577469
-0,38306165
0,45426607
-0,009554774
0,0461179
0,26446563
-0,37070215
0,20707256
-0,32442167
-0,0610137
-0,34653363
0,0869354
0,14249909
-0,12485948
-0,18775311
-0,44356593
-0,2463319
-0,0796988
-0,074442565
0,27657002
-0,3334126
0,46395713
0,3210683
0,12383515
-0,09346661
0,39810628
-0,2079362
-0,26425135
0,2840771
-0,13484153
-0,018168807
-0,299092
0,21981078
0,41808552
0,09451711
-0,103146106
0,38975644
-0,2631846
-0,21906826
0,09756559
-0,40612364
0,485299
-0,4837365
-0,42095417
-0,087616175
0,32213062
-0,24696675
0,14228117
0,34542042
-0,39253345
0,4263531
-0,012698621
-0,35160646
-0,36737692
-0,31868112
-0,39863306
0,38202494
-0,13604724
0,30566436
-0,2594651
0,14792162
0,20821196
0,32559133
-0,0038831234
-0,15738595
0,024204195
0,26191992
0,19783187
-0,17962629
0,49464124
0,104736924
0,11316681
-0,19959423
-0,037495464
-0,10430041
0,4629833
-0,4145563
-0,26479995
0,41539353
-0,11748591
0,3757667
0,34114242
-0,09336248
0,39158612
0,24533361
-0,19513932
-0,37875336
-0,025007755
0,08491719
-0,39381346
-0,41184592
-0,3869708
-0,3138819
-0,42850667
-0,4194201
-0,23248437
-0,19755867
0,0037224889
-0,47070122
-0,3654976
0,21048528
-0,04234311
-0,043181956
0,2055279
-0,21900624
-0,17875543
0,24229622
-0,3089847
-0,14508337
0,012942731
0,37495607
-0,37211627
-0,45718238
-0,021927357
-0,31295672
-0,26251101
0,35604972
-0,4488427
-0,37648195
-0,2497131
-0,3965531
-0,20034954
0,23994309
-0,34361917
0,43288904
-0,25587976
-0,23664469
0,28604448
-0,2287421
-0,13856316
0,31448138
0,030386806
-0,4836653
0,2010755
0,41739285
0,13355875
0,2956401
-0,3289785
-0,134945
-0,38108918
0,092526734
0,27885747
0,1478489
-0,42885265
-0,31956938
-0,1478112
0,4855678
0,18022263
0,23926073
0,42921305
0,30763143
0,03892988
0,131105
0,044950724
-0,3946638
-0,0241144
-0,003496796
0,49108702
0,15434021
0,24597108
0,32913506
-0,34298295
-0,4455691
0,48612726
-0,08547264
-0,10879159
0,4712357
-0,34840238
0,025000393
-0,2639134
0,3972745
0,19444305
-0,11436325
0,1361844
0,43187064
0,056937635
-0,32381135
-0,30338895
0,087704
-0,14385855
-0,04061067
-0,44690555
0,24090463
0,1366787
0,47872812
0,3835023
-0,13658074
0,10509825
-0,3048547
-0,49315634
0,076890826
-0,037745297
-0,2385186
-0,12860918
0,041193962
-0,42517054
-0,14135888
0,20890796
0,4598394
-0,33595383
-0,15900582
0,30648464
0,49959928
-0,41003993
0,38993508
0,14772213
0,48427403
0,20867246
0,36316633
-0,051594704
0,3984869
-0,02365014
-0,31400904
0,0996955
-0,08862612
0,4833014
0,37882572
0,47171915
-0,13469622
-0,02151066
0,0744459
-0,03306356
-0,14545393
-0,26922685
0,036090434
-0,421938
-0,014872968
0,40379953
-0,07493165
0,13963342
0,038631678
0,44572395
-0,1619294
0,16454202
-0,086171955
-0,088246465
-0,4909374
0,01471442
-0,22748229
-0,25936386
0,061336756
-0,12290716
-0,29179856
0,19359034
0,023225784
0,49849796
0,012452126
0,27316117
-0,3983014
-0,46383527
0,06107205
0,08313918
-0,105139464
0,20907134
-0,498715
-0,18793967
0,47842282
0,33470088
-0,2759509
-0,37851095
-0,21444231
-0,31054437
0,33240128
0,38835257
-0,13598478
0,020194113
-0,07831982
0,14831507
0,3942808
0,21846682
-0,28659785
0,46907848
0,22853696
-0,22485533
-0,28486866
-0,11047989
0,42412156
0,23723185
0,018090904
0,11384368
-0,43691054
0,3237059
-0,44786215
0,47881848
0,19356078
-0,38336492
0,21983457
0,20148027
0,23874593
-0,026334822
-0,14384913
0,45463467
-0,11828825
0,20132989
0,18618834
0,10073006
0,4894802
0,30993462
0,23219031
-0,10438198
0,05687976
0,41139328
-0,1907464
0,47931325
-0,33058667
-0,39424056
-0,4383134
-0,33346117
-0,48191184
0,221892
0,3781907
-0,24143723
-0,10795736
0,09557146
-0,22251701
0,32196492
-0,0065978765
0,2558897
0,18248916
0,15649223
0,17621672
-0,036456168
0,3798071
-0,21872813
-0,43330416
-0,30845195
-0,005986452
-0,09781358
-0,14258984
-0,35258928
0,36679542
-0,3281771
0,27871478
0,3233142
0,24972916
0,056530595
0,3112926
0,4886803
-0,05174303
0,337703
-0,004822314
-0,49109071
0,24050581
0,30891162
0,41965735
0,1448791
-0,02604413
-0,27086878
0,41956753
-0,47658357
-0,494361
0,001250267
-0,1231786
0,060351968
-0,42331758
0,22070432
0,45844638
-0,37642318
-0,13652807
-0,0010588169
0,47693038
0,24768233
-0,27598587
-0,40245688
0,1819365
0,3150174
0,26126194
0,42411023
0,30013174
0,45984763
-0,32581526
-0,35046417
0,123600066
0,002398312
0,21909755
0,19536579
0,2578885
0,48406893
-0,32559925
0,38019985
-0,3389878
0,37697613
-0,1239973
-0,48996213
-0,13303575
-0,31552178
0,18420506
-0,36559182
0,0932498
0,21052283
0,14229882
-0,14314169
0,086946785
0,41686767
0,12525058
-0,37180734
0,13019097
-0,2794725
0,41890085
0,4247502
-0,4687366
0,18672127
0,37465614
-0,35309532
-0,37617195
0,0053797364
-0,20078689
-0,49418893
0,070158005
-0,42387307
-0,44858238
0,4522978
0,11487025
0,34420902
-0,40120095
0,14173824
-0,3742351
0,17241967
-0,10291964
0,20073223
0,15541059
-0,08328807
0,35582715
-0,2027905
0,30386174
-0,09350175
0,3447603
0,32599205
-0,44688508
-0,16858575
-0,21875444
-0,09486246
-0,15315804
0,47573835
-0,14234391
0,28831148
0,23952532
-0,018523306
-0,1736455
-0,30268562
-0,29720306
-0,39853156
0,12912595
-0,33496088
-0,18626937
-0,21937549
-0,14509198
-0,12348312
0,47466272
-0,31784046
0,29446638
-0,15955377
0,3501286
0,13844192
0,29834253
-0,15925571
-0,21361515
-0,22334912
0,35360932
0,4047895
-0,39504153
-0,022375017
0,2927717
-0,16862428
0,34175968
-0,21448699
0,38119245
-0,46788508
0,31699783
0,071905434
0,25095904
-0,10798019
-0,47377002
0,40526736
0,041835427
-0,17922077
-0,23315611
-0,21996352
0,2861387
0,15309292
-0,03327343
-0,41874295
-0,20633164
0,07403022
0,14795285
0,08394772
0,19889462
-0,09579337
-0,056485653
0,26003057
0,073290884
-0,08527103
0,31487912
-0,49336693
0,13198125
-0,25754246
-0,19152775
-0,42080715
0,13513672
-0,31823075
-0,38574547
0,1102919
0,06041652
0,014460206
-0,38727808
-0,47015673
0,33987176
0,31393218
0,2988212
-0,17831221
-0,02021879
0,4694594
-0,4137727
0,15318024
-0,4692719
-0,23650363
-0,10669714
0,3202998
-0,37305355
-0,33970195
-0,33789328
0,45819145
-0,01058507
0,34293967
0,17238772
0,17285836
0,20080799
-0,03999409
-0,10559827
0,39151692
-0,34247667
-0,45778546
0,4748717
-0,485163
-0,23458394
-0,13407618
-0,42225936
-0,46526518
0,31452
-0,45659906
-0,4328786
-0,0124589205
0,37632495
-0,4397761
0,41688758
-0,11698729
-0,39155662
0,3021549
-0,07790309
-0,49296018
-0,29322892
-0,22199866
0,46523887
-0,21673322
0,24699593
-0,43196487
-0,45939368
0,47603607
0,29537505
0,48400867
0,44877917
0,02351296
-0,32441014
0,33456296
-0,3874357
-0,49442315
0,3503999
-0,055822432
-0,15082419
-0,12184739
0,35321552
0,31152058
-0,075490475
-0,42874518
-0,3128482
0,1657396
-0,36091155
0,30925173
0,33662546
-0,33144015
-0,10622507
0,22660363
-0,082389206
-0,39268577
-0,3087439
-0,24829948
0,27855682
-0,020492136
0,4541701
-0,36021036
-0,18506664
0,42962235
-0,09676799
0,30573517
-0,18611345
0,0007457733
-0,36487412
0,06909585
0,46101427
-0,0925819
-0,4701759
0,1080364
-0,16510874
-0,25994867
0,1366626
0,070967615
0,24308366
0,30253637
-0,17974848
0,16999304
-0,2564094
0,28663737
0,1957196
-0,40661013
0,38673192
-0,023167253
-0,39926833
0,32002234
-0,021285832
0,06553608
-0,21899754
-0,033342093
-0,037395954
-0,14574969
0,41354913
-0,1760596
-0,17262292
-0,28362396
0,32878566
0,3179912
-0,13001546
0,06361711
-0,0063866973
-0,33791292
0,20086908
0,0379467
-0,14548898
-0,058231056
-0,28016412
-0,18236297
0,4914428
0,09871757
0,118211985
-0,4308621
0,023714602
0,45930773
0,17196202
0,11269891
-0,17236155
-0,25226158
-0,37660563
-0,05216217
-0,43850634
0,47572535
0,025862634
0,42420542
0,34745157
0,37861192
-0,22587988
-0,035635114
-0,096811086
-0,30510736
0,032472372
0,2944978
0,038949847
-0,34784433
0,36698318
0,31248695
0,38829392
-0,47653845
0,08964646
-0,24422765
-0,4188381
0,21281654
0,0051599145
-0,2529508
0,14661747
-0,31696224
0,15301627
-0,45659116
-0,09535015
0,073914945
-0,42702657
-0,0572398
-0,2973416
0,14196438
-0,03920704
-0,046195477
-0,24456155
0,43788528
0,1529321
0,459163
-0,39148757
0,18335491
-0,189172
0,45515412
-0,00077840686
-0,33594006
-0,101876855
-0,49208677
0,39048368
-0,27789366
-0,20163581
-0,14185777
-0,08735669
0,043661237
0,18751812
0,33769047
-0,41736305
-0,15477344
0,048142552
-0,22643358
-0,26264557
0,1733324
0,2445249
-0,4609313
0,40950245
0,14104217
-0,047801703
-0,44878018
0,39508408
0,35497946
-0,27994454
0,44837624
0,19183964
-0,30785584
-0,036537886
-0,16916329
-0,3858657
-0,4713769
0,035199404
-0,39015576
-0,47703093
0,22852582
-0,36981195
0,123716414
0,3833294
0,3503301
0,32114953
0,11122602
-0,3755622
0,17265487
0,050841868
-0,09517521
0,11501187
0,12982625
-0,15208393
0,109170854
0,41063106
-0,3212962
0,13746285
0,025324404
-0,15037704
-0,021628141
-0,042917132
-0,380067
0,3429256
-0,35638943
0,114145935
0,32494754
0,37628323
0,19667596
-0,48896134
0,11888385
0,3446231
-0,2753514
-0,38703883
-0,38096625
0,34460038
0,29054004
-0,08595747
-0,2943126
-0,09150651
0,22642696
0,28917235
-0,47735572
0,45694238
-0,13736144
-0,13645545
-0,41309482
0,41257036
-0,04576981
-0,47391832
-0,16510692
0,01731962
0,14493299
0,09154934
-0,0047317743
0,45018065
-0,3352689
-0,39672416
-0,22531661
-0,49843046
0,14854187
-0,22322997
0,11479002
-0,04053855
-0,2587222
-0,0723933
0,40130204
0,20359057
-0,01449576
0,37838554
0,48755926
0,32274258
-0,14190155
0,28307623
-0,32829976
0,15765274
0,23543209
-0,3878541
0,38712096
-0,4918587
-0,35884786
-0,13288921
0,07990271
-0,12021065
-0,414808
0,37825835
0,24374914
0,1404702
0,397376
0,10055846
-0,28401104
-0,21011198
-0,11573693
-0,3152336
-0,27773052
-0,008240193
-0,13879889
-0,2416749
0,43509734
-0,22600973
0,1853857
0,47056013
-0,49078956
-0,2858836
-0,08316615
-0,31051284
-0,37450728
0,2766019
