125
20
0,40734273
0,34985155
-0,24312302
0,16707945
-0,09649253
0,010072231
-0,14446017
-0,34860885
-0,19519234
-0,27654278
0,2191838
0,3589034
-0,298281
0,16178888
0,16052413
-0,13095197
0,3411705
0,24538529
-0,20938206
-0,37702286
-0,35778353
0,38983244
-0,014833212
0,0772596
-0,43080586
0,12316942
-0,048642457
-0,31223953
0,4986493
0,46710187
0,17663956
0,40558904
0,27236843
-0,41217008
-0,02400121
-0,28513223
0,38299322
0,16936195
-0,16355118
-0,48505375
0,2956401
-0,29329097
-0,28026998
0,2448954
0,4287297
0,08893341
0,24105376
0,32517725
-0,26930308
0,2422055
-0,30369478
0,059625268
-0,4903374
-0,43221244
-0,38043967
0,36164123
0,25190473
-0,03229353
-0,3516676
-0,067730606
0,30527937
-0,44326496
0,16697758
-0,076493025
-0,22408572
0,4361431
0,20716608
0,14071637
0,40149653
-0,2947225
0,32612413
-0,3857451
0,024570644
-0,22136587
-0,3522458
0,4199034
-0,271538
-0,015930712
0,3616293
-0,02063644
0,02797407
-0,19564787
0,49661875
0,43825138
-0,32418716
0,23635572
0,081733465
-0,3248663
0,49214584
-0,383082
0,25220883
-0,10218528
0,17662108
-0,09190419
-0,19546872
0,43633586
0,16130829
-0,13384601
0,105805576
-0,25825685
-0,48851284
0,04894644
-0,017975748
0,3285898
-0,16859266
0,31564468
0,41714156
0,29189777
-0,122261405
0,12087834
-0,3732732
0,20435643
0,22100198
-0,2925298
-0,48206368
-0,09414482
0,23962289
0,43363452
-0,37666178
0,20954973
0,29077834
0,025565684
-0,13219848
0,09583151
0,30889004
0,019465983
-0,4220335
-0,09750402
-0,3375665
-0,14796084
0,056304216
-0,30228165
-0,24776778
0,116815865
-0,115374506
0,3834421
-0,2948594
-0,019963056
-0,001000464
0,2799533
0,18770474
-0,4658865
-0,36491895
-0,2420707
-0,19195196
-0,38722423
0,04119253
0,41747296
-0,4131938
0,24857628
-0,4622178
0,12126589
-0,035306543
-0,29877245
0,48619074
0,3874938
-0,0132959485
0,41604358
-0,37548655
0,24109334
-0,40331417
-0,23566008
-0,27783543
-0,34885508
0,42457914
0,07225239
-0,27716163
0,0030355453
-0,01626885
0,40060383
0,11732972
0,14007187
-0,28140563
0,006361842
-0,19605812
-0,118142664
0,29465562
-0,04603523
0,3268351
0,4424268
-0,22547162
-0,41700935
-0,3143885
-0,39093006
0,0005726814
-0,21572718
-0,31795403
-0,11126661
0,1946885
0,41154522
-0,11650482
-0,18729976
-0,39892712
-0,197034
0,3755095
0,24473351
0,15402186
0,070969045
-0,45042586
-0,36538583
-0,12465492
-0,45889902
-0,25910583
-0,048392087
0,46457672
0,34454948
0,26853472
-0,18971989
-0,16209927
-0,48775142
-0,49285096
0,06791854
-0,29951483
0,13956028
0,36567402
-0,03435415
-0,18865627
-0,35039198
0,31506622
0,25933492
0,121442735
0,33720303
-0,18573913
0,47611094
0,33453363
-0,17917866
-0,31899703
0,046534
-0,4271478
-0,2569592
0,43567806
-0,045555204
-0,10432783
-0,31935662
0,32254022
-0,2693894
0,021370113
0,29582345
-0,37201375
0,1139645
-0,40793678
-0,20716459
0,3503486
-0,25553158
-0,08570117
-0,26866663
-0,41198242
0,45907027
0,2609647
-0,1770454
0,3111741
-0,46193042
-0,02131781
0,12921476
-0,46011218
0,41340494
-0,41798824
-0,4443322
-0,34363967
0,15113199
0,3076318
-0,27337152
0,06471181
-0,17978632
-0,1272369
-0,17791435
-0,4077286
0,15307987
-0,1996747
0,24554473
0,3904503
0,37019968
-0,06308848
-0,40210244
0,098302424
-0,3777483
-0,2951277
0,2185691
-0,108068526
0,4062243
-0,39107051
0,13882416
-0,12760144
-0,2866575
0,1497693
-0,13462445
-0,4495851
-0,19759893
-0,4389814
-0,16782674
-0,46033898
-0,10930568
0,087304235
0,48042476
-0,39364144
0,42537785
0,4147601
0,20702732
0,35379118
-0,0655835
-0,03879863
-0,25589156
-0,3851074
0,15557748
-0,35730916
-0,3778188
-0,1721895
0,33897513
0,22119331
0,31092042
-0,1613977
-0,17621326
0,3502422
0,042500675
0,41633195
-0,1637781
-0,255987
-0,3010736
0,0657779
-0,24486113
-0,22718185
-0,10996613
0,26808113
-0,4808064
0,21934557
0,25249022
0,15083688
-0,28946155
-0,46621314
-0,05873069
0,00019741058
-0,10515392
-0,07795289
-0,06602585
-0,45684355
0,09755927
-0,25664723
-0,31113005
-0,16191721
-0,19403183
-0,42514172
-0,14855433
-0,42792538
0,39225352
0,42476195
-0,24903917
0,45909905
-0,35066035
0,3883611
-0,2740544
-0,19461149
0,03315556
0,42243308
-0,04751593
0,3835584
0,2858752
-0,4730958
0,19059813
0,041802704
0,16906995
-0,3531164
-0,18194762
-0,24697393
-0,41752195
-0,46758583
-0,31188262
0,45005292
0,21709716
-0,39216983
0,2983176
0,12310338
0,37985492
-0,30869055
0,33583832
-0,08540738
0,37351412
-0,10793862
0,2561654
-0,37921682
-0,45709556
-0,24997666
0,2605819
0,30364847
0,37666875
0,4681955
0,2050919
0,08307636
0,46648175
0,2066654
0,2001915
-0,36312318
0,21301752
-0,01143834
-0,11142361
-0,16515014
0,28117132
0,068005204
-0,2980275
0,29633296
0,1285705
0,45762223
0,46976805
0,13132691
0,41749853
-0,23301768
-0,41682875
-0,32175317
-0,48270178
-0,2531861
-0,17822751
0,29298306
-0,16536081
0,44625694
0,4061048
0,23989451
0,09960663
0,2561757
-0,27759254
0,11149192
0,036632538
-0,46375334
0,13473433
0,1980933
-0,12794605
0,18945163
-0,4334942
0,43396288
0,3282885
0,0015408397
0,42967528
0,17061359
-0,028846681
0,1932832
-0,030338317
0,023872495
-0,012347907
-0,39792407
0,09932184
-0,12823135
0,038219154
-0,2742111
0,060846984
0,39757627
0,095047355
-0,073200256
-0,04988545
0,3301835
0,37847334
-0,11966008
0,057624698
0,3799321
0,042868137
0,48055857
-0,29236108
0,4815911
-0,16740969
-0,4128036
-0,16961315
-0,4433048
0,32748878
-0,25705913
-0,34008542
-0,021210045
-0,24536291
-0,24286547
-0,051137537
-0,17754176
0,25160712
-0,3179497
0,18014115
0,12659842
-0,4879128
0,013026297
0,2854365
-0,44040078
-0,3948182
0,27768743
0,15918964
-0,4752449
-0,18750203
0,4877631
-0,31226552
-0,4802043
-0,365846
-0,33293164
-0,36485606
0,15923673
0,16753983
0,15589225
-0,22085169
-0,43054286
-0,08897796
-0,47040114
-0,45354804
0,15580857
-0,059351116
-0,08080396
0,3831634
0,43752205
0,46780717
-0,2699982
0,00834018
0,20276642
-0,4963523
0,47452015
0,12669611
-0,29691118
0,48147565
-0,22869757
0,25559235
0,08015472
0,24947417
0,351951
0,0152089
-0,4623156
0,36964256
-0,05069959
0,20252198
0,45053536
0,010338426
-0,32898784
-0,2549498
-0,101412594
-0,45965785
0,34837413
-0,46192172
-0,07100326
-0,3963148
-0,46056658
0,06186682
0,19488078
0,20074809
0,36617452
0,4254579
-0,15555048
-0,23132917
0,2811296
-0,4922367
0,29161608
0,14768344
0,48021674
-0,09657991
-0,27596313
0,01290977
-0,026976377
0,2796684
0,33814114
-0,1622203
0,42056417
-0,4371594
0,24515784
0,44128722
0,22966963
0,15794516
0,33038098
-0,24021238
-0,37591666
0,03278494
-0,23029757
-0,17602733
-0,39327288
-0,47961792
0,32774937
-0,30926496
-0,028777957
0,15713131
0,48583764
-0,37729126
0,25448418
0,12614739
-0,48557428
-0,3661824
-0,3714404
0,36024058
0,48323685
0,008168459
0,3401093
-0,4239301
0,20762467
-0,42457342
0,2676109
-0,3785753
0,057433784
-0,31585342
0,45214397
-0,26512313
-0,255257
0,2997545
0,10380012
0,49258423
0,17123169
0,19718367
-0,12992185
-0,27151692
0,07996988
-0,13504282
-0,47367904
0,3272617
0,33245432
-0,39339817
-0,32160032
0,40754104
0,20843518
-0,43375877
0,14663666
-0,3454386
0,28203684
-0,2317847
0,15105224
-0,3482948
0,08244896
-0,3726889
0,15478522
-0,35514253
-0,4990075
-0,2236023
-0,46982524
-0,028967619
0,3427328
0,32344472
0,49217802
0,114549994
0,4166003
-0,14981842
0,38995814
-0,401452
-0,25851238
-0,057198912
0,47044057
0,040198803
-0,34658432
0,38205844
0,49298382
0,16353238
-0,4741465
0,448175
0,42744875
0,25951117
-0,31622827
-0,0101439655
-0,16675785
-0,1406222
0,119936645
-0,40944976
0,009636104
0,26762122
-0,1676597
0,35058004
0,37960768
0,36762375
-0,11384207
-0,17119643
-0,038180172
0,030588806
0,26996452
-0,16422537
-0,39475685
-0,46710566
0,2001887
-0,19701985
0,13091445
0,43315864
-0,42331198
0,06530231
-0,09381965
0,35774052
0,09372342
0,14078796
-0,1940628
0,25159663
0,22309756
-0,37672698
0,39161766
-0,02939564
-0,25418186
-0,4130546
0,3653456
0,1751638
0,21559745
0,41672403
0,0022047162
-0,061214656
0,2501611
0,41835803
-0,28171137
0,33231282
-0,2292346
-0,19124785
-0,4558174
-0,094753325
-0,000118643045
-0,2174936
0,41544932
0,37598568
-0,039202124
-0,04511565
-0,16976005
0,08205342
-0,4957455
-0,46883807
-0,043833613
0,39605975
0,055814445
0,34791666
-0,10461259
0,27456754
0,2860195
0,21977067
-0,18121278
-0,23501515
0,38206255
0,11513746
0,119003415
-0,45657897
0,025927782
-0,10397905
0,13366741
-0,29946142
0,11228502
0,24673146
-0,04168415
-0,09708595
-0,26313162
0,3154862
0,25842363
0,019747615
0,48436016
-0,22506022
0,41520154
-0,3304953
0,4155252
0,22220212
-0,32206482
-0,29251784
0,000839293
0,22476757
-0,4964865
0,3903159
0,2675283
-0,48051998
-0,13826582
-0,005435884
-0,24933708
-0,1652464
0,4517449
0,3802784
-0,22673443
-0,35952783
0,23339337
-0,109224975
-0,45332304
0,27297634
-0,2702034
-0,26149756
0,15274334
-0,2923518
0,43897927
0,110367894
0,1535902
0,24763918
0,31484342
0,47568315
-0,02684021
-0,06445277
-0,11769283
-0,36191997
-0,23919433
-0,14080173
0,47816914
0,1354627
0,4352337
0,36705333
0,03701085
0,13784468
-0,23259902
-0,22989377
0,10580206
-0,33260322
-0,25875366
-0,34066588
-0,29177338
0,010602355
0,18779671
-0,35564873
-0,25851008
0,2012155
0,32291192
0,0021089911
0,055096507
0,223292
0,35679966
0,17746675
-0,252491
0,03275031
0,28104895
0,48945153
0,030056357
-0,46845067
-0,25314587
0,32088512
0,46428627
-0,08366814
-0,43317214
0,24941641
-0,24326533
-0,25284767
-0,30390507
0,37550694
0,46968615
-0,0069513917
-0,44939387
0,3834715
0,29086798
-0,46555158
0,3178063
0,2617852
0,4205292
0,43001306
-0,26058745
-0,11816731
-0,00827235
-0,32539368
-0,032389432
-0,48143315
-0,21544588
-0,47315875
-0,30337095
0,4793653
-0,31270188
-0,1165652
0,41628373
-0,38602787
0,4006868
-0,46618643
-0,031614214
-0,03888026
0,45543873
0,45600486
0,49849868
0,066566706
-0,055406034
0,015708208
0,120078325
-0,22335508
0,06811905
0,36187828
0,101272166
0,04314643
0,15455633
0,11804074
0,29256958
-0,4014684
-0,36309803
0,328717
0,0827443
-0,22508958
-0,10588536
0,2078088
-0,16232005
-0,44236583
-0,3596083
0,41622674
0,22118026
0,16147482
0,45504838
0,473414
-0,031461656
0,48647195
0,370664
-0,34107268
-0,09066272
0,41852874
-0,061874866
0,2227884
0,07678008
0,029946506
0,46231365
-0,24613428
-0,051861048
-0,119990975
0,14775586
0,24162954
-0,44083363
0,48393703
0,03855163
0,06448209
-0,20696923
-0,010368973
-0,1760574
0,30389273
-0,17246577
-0,18952864
0,21373022
0,10261667
-0,10261971
0,2662711
-0,28333944
-0,11397228
-0,4759355
0,44235444
-0,2506047
0,38960624
-0,09275755
0,087595105
-0,28181133
0,34685147
0,19510186
-0,032356203
0,0023225546
-0,41856164
-0,042011112
0,059340835
-0,12112558
0,29660976
0,039644003
0,12494439
-0,31786466
0,09868467
0,35521746
0,10962558
-0,44559872
0,37502873
-0,27669835
0,37015563
0,06847638
0,22391772
0,20119482
-0,4531063
-0,28803185
0,09115487
-0,35608888
0,18181789
-0,011375248
0,31605262
-0,3358412
-0,44388732
0,12144095
0,19242287
0,053435624
-0,35918516
0,2611689
-0,105285555
0,33739293
0,31658316
-0,4863081
0,3087662
0,04614371
0,4028566
0,15722811
0,08270919
0,3914296
-0,20649153
0,012838721
0,41362894
-0,47226486
-0,3369857
-0,19713181
0,015188217
0,24175447
-0,42674428
0,003582418
-0,04499516
-0,13552663
-0,19738084
-0,32418644
-0,067947716
0,48122984
-0,41241106
-0,08832663
0,31210226
-0,21756339
0,08932668
-0,35489288
-0,38880545
-0,36726725
0,10305029
-0,057973802
0,3180446
-0,048441827
-0,121004015
-0,020809293
-0,2545609
-0,467609
-0,27316016
0,30364597
0,29873914
0,07551521
0,025255501
-0,14009863
-0,1173726
0,40003735
-0,14540258
-0,058571905
-0,16068837
-0,011676103
-0,28155684
-0,39098048
0,38045663
-0,1663475
-0,37560618
-0,3883922
-0,22343552
0,3974684
0,016098559
-0,05268863
0,47952604
-0,16511989
0,07071316
0,257863
0,27262694
0,115438044
0,06398094
-0,23992231
-0,23250669
-0,25411415
0,36853093
0,017924726
-0,18384251
-0,3735143
-0,13305631
0,10647231
-0,49868575
-0,19644302
0,40203613
-0,2368187
-0,24649727
-0,045159906
0,467439
0,049772263
0,115849555
0,12817281
-0,191244
-0,18096301
0,25160855
-0,26594177
0,30197853
0,23164856
-0,38054675
0,40609837
-0,06713903
0,28329062
0,14522451
0,39495367
-0,49518207
0,11581546
-0,36060667
0,15537506
-0,3538555
-0,034229577
0,10688931
-0,15638599
0,29628116
0,3913355
-0,43179926
0,34553838
-0,16586801
0,30655903
-0,118700296
0,38344938
0,49486387
0,45979464
0,20678383
-0,16472849
0,14370692
-0,14700198
0,26305473
-0,2901287
0,15255314
-0,39590383
0,084851265
0,004809499
-0,43996346
-0,47786748
0,45342195
0,064083576
-0,07774672
0,22400999
-0,30011117
0,34892118
-0,1978369
0,145437
0,12053609
-0,38851613
0,18188477
-0,052981436
0,0689317
-0,3672905
-0,46338248
-0,4640055
0,22141576
-0,49933252
-0,27160525
0,4527015
0,47996515
0,42166495
0,2825411
0,49257135
0,06450325
0,42252058
0,42167377
-0,45784596
0,30615574
0,47935826
-0,28324065
-0,16237175
-0,34491104
-0,38046643
0,22719693
-0,38596582
-0,18209198
-0,054430544
0,45354497
0,3899799
0,36891556
0,3268764
-0,42817152
-0,19392332
-0,11768076
-0,26650813
0,242463
-0,074625164
0,3763911
-0,23430413
0,31389648
0,4635899
0,08200914
0,45493084
0,1678766
0,07998711
0,22757006
-0,39381412
-0,4870927
0,04862809
0,3655064
0,10398823
-0,38780794
0,48970717
-0,13272148
-0,18451622
0,17020202
0,2324695
0,38946617
-0,236312
0,4686045
0,09284139
0,14933187
-0,4406438
-0,22314805
-0,16333103
-0,07191545
-0,39138103
-0,36261344
-0,07141572
0,1047169
-0,44408077
-0,055591583
-0,11992258
-0,03268084
-0,4917422
0,19784671
0,34742153
0,1286034
-0,22983369
0,08882564
-0,493692
0,36135346
-0,36956793
0,012004614
0,15569758
0,08449066
0,105470836
0,13112068
-0,089678735
0,24815017
0,1498456
-0,3267498
-0,1364564
-0,27492952
-0,23645532
0,19047093
0,27340728
-0,15537167
-0,4859014
-0,07818285
0,28395265
-0,3860262
-0,42803663
-0,24458605
-0,30402142
-0,0844118
-0,44438627
-0,17154524
0,430672
-0,36987722
-0,39782378
-0,08448127
0,05685091
-0,22216359
-0,23608127
0,31175667
-0,11558205
-0,1259762
0,05182588
0,29268754
0,29272038
-0,19722068
0,0031431317
0,1082626
-0,41881117
0,24792486
0,43992877
-0,4008751
0,06914544
-0,00637421
0,48630953
0,19734854
-0,26701796
0,16274911
-0,2671488
0,21523511
0,14724535
-0,3150879
0,07787913
0,25054193
0,2611891
-0,3848157
0,40467405
-0,1764172
0,29832792
-0,03447321
0,32450986
0,23789966
-0,34463313
0,145877
0,24647582
0,3209387
-0,37382156
0,49382436
0,18396348
0,060958326
-0,22865978
-0,4310692
-0,18122444
0,20955503
0,13876075
0,20959759
-0,05927977
0,28249216
-0,011126339
0,22398728
0,42787778
0,344418
-0,30091
-0,47842428
0,24250585
0,33071625
0,3123178
-0,30804792
-0,3263446
0,3742813
0,051339626
0,04839164
0,121593714
0,30441886
0,10101825
0,042891085
-0,1754939
-0,06801474
-0,1775339
0,08428359
-0,22019383
0,4150375
-0,09399006
-0,21222594
-0,12519589
0,03895551
0,25382805
-0,16747385
0,4146378
0,49793315
-0,16037431
-0,16531569
-0,37917078
0,051079273
0,0055719614
0,1993795
0,16570789
-0,112196535
0,46926755
0,4778278
-0,40771878
-0,3052596
-0,19971588
-0,07435331
0,3873189
0,05590135
0,25085264
0,14691025
0,1273517
0,096832454
0,2205292
-0,089796424
-0,2483277
-0,034976393
-0,39642802
-0,21618539
-0,42888743
0,23318052
-0,06661412
-0,04235512
-0,3255021
0,13810009
-0,4270789
0,075277925
0,45801735
-0,09852001
0,27262223
0,34308386
0,042038262
0,26159024
-0,20581523
-0,044855863
0,03204447
0,38886034
0,078894734
0,0005595684
0,46859437
0,15407544
0,034675896
0,25817174
0,056981206
0,08799374
0,38454944
0,4107837
-0,40742487
-0,36818624
0,14138347
-0,35610753
-0,45948094
-0,057047784
0,16962558
0,0726459
-0,42865014
0,4077366
-0,31154498
-0,13857117
-0,45880222
-0,26412794
-0,083634526
0,076413155
0,35185915
0,42744833
0,04129207
-0,29590297
0,023914516
-0,24872676
0,09977692
-0,48809862
-0,018422812
-0,018827796
0,19498098
0,0038214922
0,14504349
0,3014822
0,049696207
-0,44753414
-0,13451886
-0,30255586
0,06332952
0,443659
0,31462413
0,37537313
0,30990958
-0,15762585
-0,2440671
0,2489894
-0,24481729
0,3767962
-0,34464392
-0,45024088
-0,29415128
0,49487162
-0,07185826
0,41332358
0,06955087
-0,3241605
-0,05292198
0,114468396
0,07341516
-0,29927212
0,28782338
0,4683466
0,34475052
0,022809625
0,24995536
-0,3129909
-0,19806787
0,34674752
-0,3748744
-0,14777073
0,2033332
-0,1239638
-0,2544051
0,38617635
-0,23619148
0,4454357
-0,05483511
0,3312289
0,49067003
0,094705105
-0,48152184
-0,24409893
0,15933841
0,4370535
0,08079463
-0,40908545
-0,3915881
0,39676553
-0,042892605
-0,16968846
-0,47303307
-0,29275954
0,09099394
0,13480431
-0,27595556
0,36546677
0,0018036962
-0,2043728
0,42293727
-0,46658188
0,05828935
0,029384077
0,049669147
0,015309691
0,11200261
0,3649572
-0,06684503
-0,30795437
-0,019220918
0,17760772
0,21182674
0,45374143
0,23139238
-0,4941392
-0,26188013
0,12619042
0,36605257
0,101082504
-0,30094886
0,29725993
0,4399463
-0,3534737
-0,146198
-0,17139679
0,37267768
0,30341458
0,45491052
0,08416122
-0,27214634
-0,24399534
0,3354063
0,12110692
0,13642764
-0,08409843
-0,36771166
0,44469655
-0,46282458
0,15417379
-0,42155558
-0,03975126
0,095918894
-0,038363963
-0,27221444
0,38026708
-0,034434527
0,24382734
-0,20449507
-0,24151635
0,047400117
-0,44682562
-0,087347806
0,21107751
-0,013914913
-0,4918094
-0,35735264
-0,16259792
-0,34610164
-0,35829803
0,08739102
-0,11248249
0,23090547
0,49807817
0,23581576
0,026296198
-0,25237116
-0,10740283
0,3557006
-0,41553545
0,47069085
0,39333946
-0,19209012
0,13409472
0,37295997
0,43282443
0,17169976
0,12651563
0,39140707
-0,21932787
0,1547277
-0,15739548
0,01651138
-0,16692433
-0,026875079
-0,07389817
-0,16029254
0,0703693
-0,0917823
0,36001724
-0,42056388
-0,32881773
-0,31682855
0,25289094
-0,42610234
0,26487362
-0,15281528
0,21499455
-0,09889349
-0,3672005
0,49248463
-0,11525139
0,049330533
0,08350283
-0,17597064
-0,0367831
0,44700992
-0,24220118
0,39028305
-0,24833828
0,21865743
0,1027323
-0,382938
0,31843942
0,17450237
0,1265449
-0,11502385
0,14395809
-0,16628179
0,19414687
-0,1250169
-0,3725951
-0,45094877
-0,39214844
-0,30387694
-0,03476
0,3998257
-0,07107377
-0,38364872
0,14142108
0,22500259
-0,05444467
-0,1359809
-0,0135551095
-0,35318324
-0,060463965
-0,044570446
0,12257302
-0,06673786
-0,16635224
0,30642635
-0,4272927
0,23151779
0,38766122
-0,18510538
-0,11364427
-0,47032672
0,032644868
-0,020908594
-0,0695
-0,097212315
0,4657259
0,33239192
-0,18032008
-0,00023511052
-0,22393626
0,07390028
-0,07248849
0,040428758
-0,45233363
0,14511287
0,021694422
0,3903839
-0,4281466
0,48879278
0,034721613
0,4978462
-0,33348578
-0,002700299
0,2756545
0,095895946
0,03355962
0,41603106
0,3363397
0,44695413
0,30918044
0,024227321
0,28822392
-0,123897046
-0,36100298
-0,1742439
-0,39865988
-0,07347527
0,46633446
0,43013674
-0,05458644
-0,31712326
-0,14173535
0,48158163
0,41271776
0,48674548
-0,04032415
0,31709856
-0,03858304
-0,15808982
-0,01879555
-0,3398131
0,12244058
-0,4818036
0,31836045
-0,14790124
0,3280952
0,29337466
-0,022297323
-0,047040373
0,2505011
0,416503
0,49100053
-0,27090836
0,1836021
0,1966449
0,22901082
0,16491795
-0,42046747
0,1347099
0,037186086
0,3786686
-0,1675865
-0,01074186
0,097637355
0,3671574
-0,32146075
0,064566255
-0,39080104
0,21712637
-0,02691269
0,39199203
-0,208413
-0,054378986
0,13678765
0,08444524
-0,02764821
0,1933729
-0,29571152
-0,27747306
-0,38637507
0,23596865
0,12047857
0,27044302
-0,3829345
0,17437387
0,38884163
-0,44739074
-0,4727082
-0,28350675
-0,26366308
-0,34757182
0,3147298
0,14356804
-0,23076978
-0,28911883
0,059424877
0,49387163
0,174528
-0,081605285
0,3716445
0,045003176
-0,09707689
-0,4278515
0,27184117
0,19387722
0,17437524
0,008006036
0,49356377
0,31299317
-0,20559889
0,18974918
-0,21276253
0,013007343
-0,4091414
-0,22079232
-0,09516254
-0,42932573
-0,15627944
-0,2528352
0,45412678
0,28877497
0,17285538
-0,17618814
-0,36932635
0,38504326
-0,08650312
0,2689908
-0,24205133
0,11437547
0,46816796
-0,32901263
-0,214513
-0,31088126
-0,4420993
0,22093081
-0,3110615
0,32167894
0,38667476
0,07314682
-0,4089719
-0,16923916
-0,05012861
0,18753058
0,49702674
-0,024037123
-0,32544973
-0,4026305
0,06320131
-0,33807153
0,23928308
0,40833485
0,19419694
0,32417583
0,44274378
0,06034881
-0,085290134
0,034187734
0,47439218
-0,3850556
0,44264144
0,19813102
0,19845909
-0,35148102
0,069152474
0,15932101
-0,3321765
0,38149095
-0,31748992
0,31482714
-0,39043877
0,28723317
0,29329115
-0,42479765
0,22611207
-0,1943433
0,43436384
-0,27577236
0,18782622
0,12452006
0,08250654
-0,4820631
0,49727196
-0,4174582
-0,33301434
0,48173147
-0,05836624
-0,11455086
0,25161707
-0,31097972
-0,35543787
0,30485195
-0,3976315
0,05267185
-0,061370075
0,2456832
0,1647734
-0,104738444
-0,39726996
0,48170096
0,15934098
-0,041974425
-0,239151
-0,3818896
-0,040287554
0,10680449
-0,31439346
0,28512675
0,4977514
-0,049628466
0,008486092
0,3545385
-0,42843437
0,14501256
-0,19266012
-0,3710138
0,015119791
-0,4218998
-0,44552398
-0,272821
-0,49891216
-0,2183007
-0,4311533
-0,47486806
0,4736355
0,33596748
0,3191173
0,32218885
-0,36168402
0,13178241
-0,3708674
-0,17006072
-0,4514787
-0,31147367
0,36337364
-0,14159146
0,08087999
0,47365516
0,23607898
0,022495866
0,37883717
-0,15521783
0,1343115
-0,18543273
0,1405372
0,4780494
0,32183373
-0,20246679
-0,17834026
-0,35089487
0,3615684
-0,24501687
-0,26529837
0,048531234
0,18399227
0,023224115
0,21889418
0,44908082
-0,3052274
0,30563623
0,08905882
-0,44772014
0,084343255
-0,016114652
-0,1658042
-0,49769938
-0,2801971
0,38883746
0,23235762
-0,04736966
0,29020888
0,13598979
0,097491026
-0,14327681
0,29373062
0,17752254
0,4850887
-0,2837353
-0,25249562
-0,25897533
-0,3209812
0,052093387
0,17388517
-0,36492687
-0,2558838
-0,42805976
-0,27541232
0,23061442
-0,25750455
-0,40112257
0,07913631
-0,11743769
-0,14812297
0,25431323
-0,057104588
-0,11428133
-0,34484056
-0,22621977
-0,046381682
-0,19843185
0,43098915
-0,40556106
0,26369607
0,18227595
0,32442337
-0,4898354
-0,18547252
0,24153495
0,21520221
0,24589252
-0,21146098
-0,08522782
-0,4943664
-0,08092332
0,3393669
-0,4074826
-0,23712191
0,17129779
-0,121618986
-0,01983884
-0,27268606
0,11294609
0,40738362
0,19409871
-0,19569355
-0,25811756
-0,06508291
0,43437153
-0,39442468
-0,18861029
0,1917314
-0,12722221
-0,26542616
0,23336881
0,4444365
-0,38568294
0,22530031
-0,17493635
0,4223594
-0,3621096
0,35317773
-0,26444495
0,3592962
-0,051935285
-0,09745875
0,027466238
0,37778854
-0,07123393
0,19754785
-0,11076015
-0,0919472
-0,16847646
0,24763179
-0,2594034
-0,45818958
0,072981715
0,006298721
0,27874196
-0,4980904
-0,18031639
-0,32210988
-0,015325099
0,1217587
0,39826202
-0,2647656
0,34975725
-0,006669134
-0,42319012
0,045711815
-0,28946522
-0,35998386
0,2140376
0,47655404
0,3246454
-0,3791282
-0,15460804
0,37996924
0,3763398
0,16455096
-0,2403312
0,42721736
-0,45983362
-0,45224088
0,45766693
-0,20112228
-0,25235957
-0,45441926
0,22359037
-0,11341414
0,10755932
-0,2297436
0,13400269
0,48707283
0,41651082
-0,07623854
-0,3732469
0,1742441
-0,31869885
-0,3623158
-0,21295422
0,43755132
-0,15709686
-0,20849407
0,06477499
0,3625846
-0,12154746
-0,3215052
0,32581562
-0,057980657
-0,24208122
0,4689049
0,39023834
-0,28380442
0,30527157
-0,012348801
0,26662308
-0,29916602
-0,06612128
0,4674437
-0,1903578
0,32323825
-0,46914992
0,09793025
0,18735778
-0,27668115
0,41525102
-0,0008930862
0,42608088
0,14667916
0,44563448
0,080253124
0,11255497
0,02040106
-0,076820344
0,21945357
0,4323218
0,4907139
0,064322114
-0,16073486
-0,121634424
0,21033257
-0,03730896
0,046415925
-0,47094154
0,06490803
0,005182326
0,25979048
-0,006560892
-0,15940234
-0,015527844
-0,16429189
-0,36794534
-0,017971486
0,037137806
-0,48940516
-0,04904902
-0,0044231117
0,07937938
-0,11973211
0,32454598
0,40038085
0,2302497
0,2020759
-0,31824058
-0,06164691
-0,20677304
-0,36371928
-0,04630065
0,22713208
0,1472916
0,23258573
-0,20576331
0,0942567
0,18834257
0,1555835
0,3666907
0,18299502
0,20572823
0,4926772
-0,42374426
0,12199527
-0,3061764
-0,32820773
0,42083782
0,39971685
0,47242105
-0,16388717
0,29040468
-0,20911953
-0,2838951
0,0061694384
-0,20820397
-0,33236548
-0,19743034
-0,041359782
0,34777707
0,12736708
0,19382817
-0,023321867
0,22182286
-0,012495726
0,0819971
0,22169274
-0,05603668
-0,044646442
0,14822364
0,27248418
-0,4311167
0,109703064
0,47099757
0,24489725
-0,11246842
-0,13120079
0,4354306
-0,23946089
-0,4444698
-0,1894337
-0,0030298233
0,28070027
0,2511909
0,14614367
0,22754908
0,3174823
0,4742037
0,49405628
0,47927815
0,47357142
-0,45642406
-0,32889363
0,48406154
0,22473156
0,14480877
-0,2188147
-0,09358662
-0,30082944
0,0514338
0,36350757
0,32401353
0,20837206
-0,13132054
-0,49275744
0,4013521
0,16921538
-0,3514859
0,053891003
-0,3662501
0,047323048
-0,31184202
0,023376107
0,1498918
-0,17682141
0,14100212
-0,15860885
-0,26266253
0,119775295
-0,19796184
0,090563536
0,4958046
-0,2177602
-0,43674043
0,23620123
0,18691087
0,4844753
0,18696302
0,38689727
-0,2924142
-0,35317677
0,2634899
0,2252965
0,27190977
-0,37813044
0,3041612
0,108535945
0,22062844
0,18892682
-0,3374231
0,077803254
-0,42446536
0,07373625
-0,4685794
-0,043223947
0,08853948
-0,2293466
-0,15992674
-0,3446463
0,18206316
0,124952435
0,4832964
0,083946705
-0,24286616
-0,01547873
-0,4448079
0,11656916
0,043031275
-0,4616674
-0,179017
0,019182622
0,010212779
0,39414167
-0,17014277
-0,46314594
-0,047912776
0,18204767
0,47675073
-0,2988208
0,46826822
-0,021564841
-0,14487344
0,25648117
-0,33497807
-0,4775702
-0,47048408
0,17704904
0,22563863
0,020492613
-0,058927655
0,35996962
-0,41038305
-0,3425426
0,31166673
0,48294544
-0,40712708
-0,3612125
-0,004077792
0,09620094
-0,30881625
-0,11010459
-0,37681437
0,29376328
-0,45904356
0,27529228
0,35761315
-0,002007097
0,46171606
-0,014500618
-0,21768397
-0,36714524
-0,018060505
0,15037704
0,011678934
0,30060458
-0,16713092
0,23646766
0,4313383
-0,33957076
-0,29386145
-0,16989952
0,38156396
0,200064
-0,34742218
0,24715644
-0,15596104
0,020542264
-0,3412746
-0,31661147
-0,016204476
-0,2342475
0,1325857
-0,13909012
0,28927797
0,10708201
-0,16815856
-0,38002494
0,25569755
0,23736376
0,46886963
0,35432208
-0,3423363
0,08825004
0,28392857
-0,13685805
-0,41389525
-0,2657446
-0,2788819
-0,38937265
-0,23509282
-0,22506365
-0,3792037
0,26199007
0,2611339
0,27822316
0,26679248
-0,0042103827
0,40377682
0,4704373
0,38988376
0,10175687
0,39419132
0,19699937
0,38970107
0,12324637
-0,43274823
-0,19146454
0,41198856
0,3967877
-0,10294965
0,12625402
0,090262234
0,15369141
0,2401511
0,37075883
0,007999122
0,16829908
-0,19758075
0,39520186
0,015235722
-0,33498544
-0,49700087
0,17217666
-0,3702595
-0,14603147
0,36343056
0,4539808
-0,165595
0,4520595
-0,20909503
0,11851895
-0,4509556
-0,13518539
-0,4496458
0,038045585
0,4666527
-0,1923525
-0,22416502
0,24208444
0,34055698
-0,22479603
-0,14652571
0,0407573
-0,43357638
0,3897634
-0,23172775
0,2824322
-0,4381334
-0,19868597
0,024010897
0,2327773
-0,26853532
-0,10111639
-0,13919604
0,09992677
-0,49035168
0,07681358
-0,03616157
-0,21395457
-0,28546196
0,4314242
-0,47741553
-0,17399779
-0,2648452
-0,29734474
-0,045127004
-0,4380334
0,13033938
0,41509247
0,07412112
0,353105
0,37612253
-0,0011498034
-0,23498449
0,29673785
0,31568813
-0,3980169
-0,17159206
-0,11252159
0,44176638
0,12346804
-0,05042836
0,18349785
-0,30349088
-0,03297341
-0,38220924
0,20639575
0,21415019
0,49757397
-0,3453654
-0,24224287
0,015758455
-0,08735448
-0,058926642
0,40488333
0,39090854
0,3402658
0,19384629
-0,05357492
-0,2608115
-0,08347842
0,14064336
0,28054696
-0,4380101
-0,45166963
0,15093017
-0,02599433
0,17438573
-0,43661052
-0,14945495
-0,45541447
0,19139922
0,22795057
-0,32282048
-0,20771134
0,32408953
0,45031255
-0,4755676
0,32614118
0,12527728
0,0006353259
0,13130313
0,47381675
-0,23609746
-0,08552015
0,43787706
0,3715822
-0,14584962
0,4430462
0,29173052
0,23938656
0,2786556
-0,36241627
-0,035800725
0,2374382
0,115572155
-0,07811424
-0,015951842
-0,27583432
0,010935783
-0,17132533
0,26621127
0,44101524
-0,008550972
-0,24410394
0,10364783
-0,16238686
-0,077181876
0,07687408
-0,39378688
0,20593739
0,079647005
0,38068932
0,3016641
-0,19516867
-0,37647918
-0,32323223
-0,20946616
0,47062725
0,13897276
-0,23476192
-0,41268283
-0,38170233
0,30025864
-0,37850246
-0,2606672
0,39591533
0,21349406
-0,16239768
-0,057818025
-0,16707677
-0,3051262
0,20566875
-0,34164888
0,016924858
-0,21284172
0,36876547
-0,0033041537
0,0155239105
-0,22733632
0,29878414
-0,27324712
0,45945638
-0,16348097
0,049885094
-0,34887844
0,4851759
-0,13444692
0,44812614
-0,38016903
0,25483
-0,35927793
-0,46382198
-0,35625693
-0,4835999
-0,19368634
0,13936949
0,48121548
0,14254451
0,061618626
0,20473886
-0,06495854
-0,028280646
-0,40561503
0,39547497
0,41446972
-0,46967477
0,22015041
0,17810923
0,28978598
-0,4079519
0,33133817
0,18938017
0,103601635
0,12389457
-0,26565263
0,07713306
-0,22120619
0,35473675
0,06473285
0,31105632
-0,1469137
-0,25896904
-0,24403077
-0,30319345
0,3706047
-0,11190167
-0,2397762
0,41511905
0,31180173
-0,0073132813
