60
125
0,23068923
-0,47799876
0,35581934
-0,35979867
0,31710684
0,3614747
0,16956061
0,11429632
-0,45176923
-0,16537422
-0,31366003
0,0016631484
-0,35705855
0,033916116
0,40651137
-0,07961866
-0,35416812
-0,061450034
0,4100088
0,31613672
0,34332156
0,048501134
-0,32436162
-0,10676175
-0,008999407
-0,18034407
-0,025027573
0,3935532
0,0950523
0,057297647
-0,22735435
-0,37155807
0,32242054
0,4136722
0,2325151
0,39512682
-0,1132617
0,053678036
0,18504524
-0,014201641
-0,42458278
0,42763627
-0,36055037
0,044659495
0,03412813
0,44179195
0,23096788
-0,2186819
0,18336809
0,43961293
0,28199393
0,32966393
0,12866718
0,02432251
0,16447401
-0,24952018
-0,32707065
0,32346815
0,26612288
-0,47286043
-0,3935235
0,47732723
0,3882025
-0,43370917
0,45094007
-0,013931632
-0,015169144
0,3059832
-0,3723798
0,44771385
0,3119681
0,43874723
0,25222015
0,043372214
-0,22640541
-0,49595836
-0,11323786
0,17238665
-0,36789796
-0,024052262
-0,24037635
-0,2185953
0,0977357
0,16062802
-0,28863102
-0,48151347
-0,18087325
-0,26188165
-0,27985
0,4880392
-0,309151
0,31226963
0,44913095
-0,25762326
0,096576035
0,38707918
-0,17308065
-0,18552548
-0,35297894
-0,07691252
0,26677138
-0,14558846
0,3979478
-0,4673645
0,48212522
-0,44882417
-0,3879315
-0,31475663
0,22973502
-0,3830747
0,0017512441
-0,03601101
-0,3678211
-0,18939427
-0,30310896
0,31149757
0,40588605
0,25316316
-0,35485306
-0,2079528
-0,36036652
0,3217392
0,27302408
0,12581265
0,15074068
-0,39759758
-0,08205652
0,08388686
0,042724133
0,47236043
-0,43444374
0,07840788
-0,13960564
0,047754467
-0,39287755
-0,016040087
-0,14863572
0,41303468
-0,273719
-0,073979855
0,2689234
0,028535903
0,49441075
-0,37767136
0,110322416
0,45139033
-0,14056668
0,46345884
0,430372
-0,35865957
-0,08662349
0,23141599
-0,03622672
-0,025163114
-0,18209243
0,27285415
-0,3221145
0,28321695
0,07441145
0,23683578
0,42078698
0,1596638
-0,21533555
-0,44327757
0,36138332
0,32283068
-0,14834273
-0,29381403
0,09788734
0,4959756
-0,20195904
-0,38014695
-0,48614296
-0,1288377
0,4127668
-0,37667072
-0,35441488
-0,0701555
0,078879714
0,10277289
0,3508879
-0,33440647
0,37563658
-0,0907155
0,2940256
0,46441418
0,28501773
-0,4398175
0,23157716
-0,10940027
0,05034578
-0,21562722
-0,025805235
0,44975924
-0,30888444
0,42196757
-0,42555285
-0,17716312
0,45525533
-0,27781814
-0,4226918
-0,20718747
-0,17735901
-0,018825531
0,3345483
0,4156475
-0,07191554
-0,45932323
-0,25425982
-0,038025945
-0,14082426
0,05399382
0,23517293
-0,22426727
0,35594958
0,20671159
-0,08806795
-0,4183851
0,022404969
0,26072043
-0,35597965
0,2588597
-0,39933926
-0,2318553
0,06618917
-0,25114924
0,28328013
0,24486262
0,41897917
-0,13899186
-0,082312405
-0,09939754
0,012136579
0,19272906
0,044100344
-0,17357343
-0,34234113
-0,44588634
0,3567363
-0,37496996
-0,20302495
0,07856703
-0,14778188
-0,025386512
-0,087530226
0,031263232
-0,499699
-0,2951678
-0,2644043
0,48372912
0,0015801787
0,003140211
-0,0066485703
-0,011262447
-0,27593434
0,186907
0,0932253
0,0030501485
-0,0112589
-0,13555658
-0,272731
-0,38231292
-0,21276245
-0,3018599
-0,094053835
-0,09970808
0,4572628
0,05078858
-0,3668493
-0,35690323
-0,33718967
-0,23874998
0,3205139
0,20818204
0,04289478
-0,48608634
0,33132923
-0,1947338
0,24551898
-0,14565286
-0,3293603
0,09892666
-0,3264718
-0,37815177
-0,30347258
0,3671834
-0,07328537
0,30637324
0,19779384
-0,22617364
-0,06456572
0,14284575
0,34368575
0,3809721
0,297938
0,2931921
0,24396312
-0,3295584
-0,265818
0,4032429
0,4070804
-0,45465758
0,1426515
-0,4826355
0,005166292
-0,22678185
-0,051383674
0,34417993
0,12083781
-0,4343425
0,0978924
-0,38645166
0,08495706
-0,19000605
-0,38580656
-0,4346195
-0,078276426
0,027033865
-0,44772866
0,40203017
-0,1262492
-0,23936278
0,099636614
-0,17338869
0,48046052
0,20657837
0,06881297
-0,13936299
-0,1416778
-0,15672922
-0,21880743
0,48026383
-0,17829213
-0,36526614
0,39000517
-0,15188396
0,4729802
-0,3553598
0,09126854
-0,47183597
0,114684105
-0,49622762
0,28451467
-0,38446683
0,10414356
-0,30126387
0,4501918
-0,26837474
-0,12913698
0,06658363
0,115389645
0,3337285
-0,33934367
0,2500211
-0,37723064
-0,45639452
0,12670052
-0,29659134
0,15839875
-0,041851282
0,42919004
-0,27223372
-0,14395836
0,040816784
0,0128701925
-0,2021319
0,45782655
-0,3527304
-0,3770604
0,059212625
0,47172362
-0,1135422
0,18460435
0,020290256
-0,2623453
0,34156936
0,20410997
-0,41878837
0,38541812
0,48509884
0,08467317
0,173787
0,40582293
0,13620877
0,18123096
-0,08205512
0,3433503
-0,24386343
0,06888884
0,24561113
0,36232972
0,44148088
0,28672844
-0,44311967
-0,15074408
-0,06393537
-0,4177661
-0,38519868
0,012711704
-0,37719876
0,2208609
0,36042398
0,029767156
-0,21247664
0,05682206
0,35432154
0,09566969
-0,14106736
0,26125288
0,41550052
0,23390222
0,13109976
0,008284569
-0,26141846
0,21586025
-0,21375844
0,46980894
0,14679813
-0,19224563
-0,00057053566
-0,08746585
0,4806291
-0,010883868
0,4992239
0,099770665
0,13316745
0,2092939
0,4218567
0,15901864
0,24301612
-0,14598733
0,34406286
0,17627132
-0,38889214
0,04016
0,17095649
-0,007954806
0,3854
0,15503204
-0,088184506
0,43074685
-0,19925451
0,12833178
0,075855374
0,35034972
0,38279605
0,08266753
-0,4571936
-0,11271715
0,17767775
0,32169574
0,2905345
0,055958867
-0,32028463
0,25392896
0,2243483
0,280222
-0,03256634
-0,44009703
0,2103405
-0,49415532
-0,016315699
0,4818498
0,10855442
0,46497434
0,442554
-0,32429227
-0,3225423
0,4287383
0,19429648
0,045321286
0,25565195
-0,45090812
-0,06078127
-0,03933543
0,14395815
0,3488114
0,43350965
-0,41840538
-0,11487126
0,39037895
-0,24967375
-0,3070752
0,4164484
0,21066123
-0,36538553
-0,014936417
0,20297164
0,16282272
0,09398514
0,42289096
-0,13891497
0,39702225
0,18145591
-0,12668124
0,026105285
-0,24476945
-0,33513585
-0,28589302
-0,13845089
-0,029442817
0,019162714
-0,061122984
0,2895857
0,34479004
0,054919124
-0,38190928
-0,22208944
0,48262173
-0,12538499
0,43934536
0,22934538
-0,45625564
0,07110155
0,4081905
0,1964289
-0,41721803
0,28951275
-0,043017983
0,4708594
0,23108935
0,28756273
-0,14754516
0,36390668
-0,39974493
-0,061627388
-0,4284775
-0,28642172
-0,34812638
0,4737093
-0,31573772
-0,43672225
0,49524605
0,10923922
-0,46010694
0,006851077
0,11281407
0,037910104
0,11262983
-0,17042613
-0,14238
-0,2934795
-0,03600028
-0,33183277
-0,32494485
-0,42274752
0,4240659
0,3656888
0,28613287
-0,360571
0,2685222
0,45212442
0,4371317
-0,06635195
-0,17692274
0,043050528
-0,21084014
-0,019073874
0,0010300279
0,27273524
0,22900271
-0,35342568
0,077980995
0,3104003
-0,01183635
0,053001463
-0,055092067
-0,4116942
-0,08166015
-0,16759995
0,29157317
0,0463652
0,06837076
0,26087523
-0,27200985
0,22561896
0,13153833
0,47778362
-0,41153333
-0,22651556
0,15570784
-0,14225888
-0,3238324
0,20345592
0,015725374
0,45298398
0,49661052
-0,14670274
-0,3805873
-0,24434537
0,20156956
-0,4327051
0,19639707
0,41110653
-0,18211868
-0,17589083
-0,33098304
-0,18192387
0,46798497
-0,044546932
-0,043142915
0,023139894
0,17646772
0,28256464
-0,4262377
0,19956112
-0,45363122
-0,10848907
0,4134187
-0,47914994
-0,39947662
-0,24784356
0,42130286
-0,35164917
-0,30022442
-0,029644042
-0,22513986
0,37599146
-0,04121697
0,37546813
0,26780242
0,42544633
0,4831205
0,18340552
-0,13303727
-0,09423816
-0,254912
0,19269001
0,1560142
0,34570616
0,4387114
-0,27915877
-0,46933392
-0,300847
-0,11709979
0,44838947
0,45547032
0,040247083
-0,31898612
-0,4064922
0,39335263
-0,47703642
0,13382375
0,4823519
-0,0733116
-0,43868142
0,08203834
-0,028155714
0,26720488
-0,16743001
0,07938504
0,18738991
-0,48378247
-0,4526714
-0,26097924
0,2962436
0,47095054
-0,15269595
0,2795844
-0,12930506
0,32328528
0,22831297
0,22099125
-0,094827294
-0,20639619
0,0020207167
0,34533107
0,10297364
-0,3134992
-0,25493518
-0,28660786
-0,008994162
-0,26269257
0,05086136
0,3885166
-0,019650191
-0,4248839
-0,1400249
-0,34771824
0,26781225
0,2501424
0,12699223
0,415636
0,11844796
-0,06200549
-0,11432257
0,4862191
0,007964075
0,094619036
-0,23992822
-0,1641697
0,100503385
0,29336178
-0,09760931
-0,2537442
0,031947017
-0,42983675
0,29908884
0,48468244
-0,45651317
-0,40369025
-0,0077604055
0,49258494
-0,2620669
-0,21061519
0,3932485
0,21685207
-0,35956424
0,34944504
-0,41090134
0,19994003
-0,29248828
-0,03359887
0,11207712
-0,067866296
0,32382447
-0,4814633
0,28615916
-0,051656157
0,3163994
-0,093387485
-0,2852199
-0,094786555
-0,34633523
-0,2198948
-0,3844896
0,18919778
-0,251275
0,38185334
-0,14680764
0,029729605
-0,4611802
0,24875528
-0,35398537
0,17997527
0,234097
-0,2606929
-0,40179896
-0,05292505
0,02171743
-0,4320325
0,39289385
0,2257607
0,23340005
0,48591697
0,10716534
-0,020602137
-0,02314496
0,4646803
-0,008142561
0,47727
-0,2687691
0,31286174
0,48273206
0,16720706
0,2518952
-0,26913255
-0,4426233
0,36178255
-0,13793299
-0,13719416
-0,0016434193
-0,41435006
-0,48887378
-0,2503769
-0,09846163
0,20840114
-0,37944943
0,35400856
0,2431438
-0,09744087
-0,24727246
0,3686478
0,4916137
0,17488825
-0,4763033
-0,4102214
0,10637635
-0,39725024
0,042602897
-0,08317536
0,4538766
0,3275063
-0,058999717
0,118208826
0,04881054
-0,45245844
-0,112994015
0,21559548
-0,16197664
0,1464113
-0,1427204
0,36360067
-0,48230198
0,30921513
-0,33020067
-0,20484209
-0,3094417
0,16937011
0,06839967
-0,40656728
-0,37688887
0,4432158
0,20641875
-0,4641385
0,46073842
0,07983571
-0,3093061
0,47481453
0,38123846
0,1969952
-0,22921497
0,38514382
-0,17106447
0,48070824
0,24898964
-0,44833958
-0,078873694
0,17656851
-0,3936189
0,2120508
0,27395713
0,07001752
-0,19502735
0,27194357
-0,117762506
-0,49376842
-0,10691044
-0,16218567
-0,27078664
-0,28382564
-0,10686606
-0,2664737
-0,15309122
0,07710785
-0,41311792
-0,38116133
-0,3636148
-0,46942094
0,35373443
0,1256277
-0,14794451
0,45306844
-0,29190683
0,33804238
-0,4271519
0,1925931
-0,11608741
-0,22831431
0,42832088
-0,3567348
0,04547757
-0,34709913
-0,07282883
-0,15717146
0,49237043
0,485246
-0,45196518
-0,07806271
-0,059976637
-0,40997505
0,2827379
0,09915686
0,43198335
-0,31537133
-0,27141303
0,45081556
-0,3760088
-0,2940007
-0,028455079
0,32903284
-0,27952212
0,058926642
-0,2912774
-0,1965794
0,16963279
0,43904108
-0,36541015
0,032938063
-0,36091793
0,37227064
-0,45746735
-0,14059895
0,46686995
-0,42156377
-0,08433658
0,04698354
-0,25139502
0,20248705
-0,2957748
-0,2960478
-0,22817025
0,1988594
0,3113796
-0,49531564
0,29372633
-0,32490906
0,03534478
-0,09717262
-0,20873347
0,33016646
0,17198712
0,17797428
0,35838538
0,2172851
-0,48902658
0,028418422
0,26476407
0,09488118
0,2596532
0,19567704
0,34717548
0,1952169
0,3547718
-0,3504038
-0,24534687
0,31993413
0,35983062
-0,33106816
0,23711455
-0,17595628
0,032718122
-0,30106038
-0,08194831
0,23274416
-0,35989434
-0,087510765
-0,2530393
-0,23137605
0,14170909
-0,3779925
-0,056242466
-0,3762719
0,026055217
0,19124639
-0,3676777
-0,018104404
0,0014737844
0,404855
-0,3510188
0,09758514
0,18425661
0,28404665
-0,055141926
0,07754904
0,45294046
0,14395458
0,123811245
0,35279763
-0,47792175
0,21285236
-0,45762986
0,3454218
-0,23276356
0,3728019
0,21262413
0,41014403
-0,04973468
0,06278694
0,07239324
-0,029523998
-0,23199934
-0,30396888
0,25072068
-0,09351805
0,4790359
-0,26805165
-0,43615866
0,1634726
-0,37957758
-0,08247277
-0,4590943
0,2422204
0,3879555
0,4502474
-0,46265927
-0,14563245
0,118823886
-0,49895504
0,4464938
0,044986606
-0,06507951
-0,4827652
-0,05581498
-0,256889
-0,23583004
0,17864078
-0,0015830696
0,03676951
0,101522386
-0,32986873
-0,2351352
0,4124769
0,036530614
-0,44546664
0,38952452
0,47875667
-0,14213857
0,315364
0,17084211
-0,23047948
0,23463732
-0,12560901
0,06125605
0,019518495
-0,04854867
-0,25262934
0,33385497
0,041666687
-0,4689493
-0,20117062
0,05429715
-0,24120209
0,1704728
0,122232914
-0,1853551
0,22120494
0,11211693
-0,4201926
-0,21752974
-0,3263818
0,08680719
-0,05661896
-0,32536852
0,03206563
0,05638683
0,10941696
-0,18517217
-0,299811
-0,29138452
-0,18562499
0,1536836
0,38786477
-0,17040515
-0,4085761
0,43979
0,41755188
0,22119826
-0,25638378
0,093506455
-0,14318153
-0,41342512
-0,11109364
0,44093364
0,35472512
-0,20821777
0,12939966
0,1464985
0,077999234
-0,3322095
-0,39210927
-0,21449989
0,26505935
-0,1929197
0,20300043
-0,21023756
0,38869405
-0,020638943
0,21439213
-0,38535938
0,45163625
-0,22904354
-0,13833526
0,29247415
-0,36248514
0,2579584
0,33007103
0,057374418
0,29480666
-0,25055075
-0,2164774
0,18202055
0,25339985
0,4714437
0,031861246
-0,4051556
0,14233345
0,4159721
0,34867775
-0,3641281
0,1730476
-0,23863629
-0,19641879
0,10809708
0,4800033
-0,10770762
0,3633296
-0,4322453
0,099282086
0,26502782
0,09144884
-0,3766298
0,12334865
0,28068358
0,48733038
0,48511875
-0,21795776
0,42836934
0,43583763
0,05180645
0,013360739
0,421225
0,14006352
-0,1512649
-0,35357824
0,043142915
0,36476254
0,32103044
-0,23490399
-0,30326903
0,040120244
0,4427349
0,30818534
-0,13694328
0,18177891
-0,35601813
0,14258516
0,11463004
-0,20174938
-0,048185796
0,22163576
-0,22213796
0,38530833
-0,26471198
0,13806957
-0,25982857
-0,18967584
0,21553832
-0,29310596
-0,1446859
0,48216933
-0,23739782
-0,22161254
0,39000404
-0,4374714
0,35335535
-0,09970382
0,33515114
0,3649596
0,06064403
0,20681971
-0,48645648
-0,43831515
0,27959365
-0,31496727
-0,2443107
0,07210028
0,24589968
-0,09320891
0,05382079
-0,26265642
0,33374172
-0,36100817
0,32223898
0,44579345
-0,44663748
-0,24022532
-0,2435126
0,19799942
-0,22444981
0,05780965
0,39030063
0,39333928
0,2557863
0,19477099
0,36134148
0,044124484
0,27661383
0,16927183
0,2096976
-0,3437538
-0,38403636
0,23614287
0,17833507
-0,053389847
0,21326786
-0,424167
-0,2928447
0,12485331
0,16200906
-0,059451133
0,4898113
0,36853927
-0,2752235
-0,46642447
-0,3004619
-0,2010324
0,18173093
0,2242428
0,14601052
0,34173787
-0,46430957
-0,22620955
-0,118938714
0,107744396
0,16652513
-0,3264739
-0,34420174
-0,113425404
-0,013144195
0,23227447
0,04542595
-0,2168687
0,1515522
-0,3716217
0,34097147
0,12024164
-0,1331141
0,21141416
0,066361725
0,17767811
0,32066947
-0,08846271
0,3668964
-0,042536378
0,026019812
-0,013082087
0,021392643
-0,4348237
-0,4818173
0,2235086
0,19742894
-0,22498697
-0,42841068
-0,3650828
-0,19945356
0,013837695
0,26141584
0,03614068
-0,3769027
-0,45170584
-0,021511137
-0,4779958
0,05884534
0,3148194
0,086630166
0,265275
0,28950125
-0,22701582
0,051595867
0,13039452
0,17372751
-0,29672393
-0,26944834
-0,38137347
0,407592
0,06822717
0,37196946
-0,08962259
-0,3936417
0,11492205
-0,070620745
0,29646987
0,12262446
0,42498928
-0,23394766
0,081152916
-0,068499506
-0,16319388
-0,26179677
-0,41172817
-0,3093279
0,48047262
0,07561189
0,312613
0,11152923
0,015709162
0,4051816
0,389306
-0,36915416
0,13521975
0,0077195168
-0,21498048
-0,21743369
0,41863483
-0,22078502
0,4273194
-0,13631505
-0,08787444
-0,46083945
-0,30837107
0,49729043
0,33179075
-0,31808025
-0,07258794
-0,20530277
0,24849308
-0,13547248
-0,10187209
0,002347529
-0,27115577
0,34284097
-0,12001482
0,03263575
-0,100883186
0,17870772
-0,47797978
0,4150768
-0,12810862
-0,47945514
0,22114915
0,4334674
0,2098484
-0,005392611
0,12572366
0,44899178
-0,039838463
0,11719215
-0,09419295
0,16354305
-0,111478716
-0,2343494
-0,13791525
-0,32467574
-0,22129473
0,037442446
0,37947214
0,17887646
-0,22087306
-0,30468994
-0,325132
0,028198957
-0,016352475
-0,11033684
-0,17445007
-0,24792415
-0,301669
0,26216173
-0,005971521
0,171659
0,25688678
0,251455
0,49660254
-0,18357167
-0,38176915
0,3596068
-0,30478567
0,16273272
-0,14502648
0,12832725
0,44381922
0,4203809
-0,35802913
0,11707896
-0,22975537
0,39815664
0,29785246
-0,019699007
0,10427958
-0,48735863
-0,4675948
0,40089518
0,21413767
-0,101299465
-0,35093272
-0,48893982
0,020697296
-0,35577816
-0,38000226
-0,08192465
-0,3299921
0,48283446
0,008555949
0,44461077
0,37622887
0,22862083
-0,2881878
0,43055373
0,36164713
-0,040570736
0,20961845
-0,03974551
-0,16705075
-0,08897251
-0,40078354
0,44687283
-0,22485715
-0,31411177
-0,021329284
0,056010246
0,15476775
0,2780698
-0,47307897
-0,40696603
0,46353877
-0,02894494
0,30807757
0,30577075
-0,23274082
-0,056601733
0,058205843
0,47338635
-0,014899313
0,20987493
-0,29851806
-0,03652063
0,16865188
-0,09362057
-0,09790805
-0,15005723
-0,039056152
0,43716824
-0,059507042
-0,29582846
-0,34168932
-0,34856927
-0,2377002
-0,39536405
0,27312535
-0,25955802
-0,2188158
0,26087552
-0,23323396
-0,48644102
-0,21310106
-0,32419103
0,19772643
-0,085528344
0,2649957
-0,36175072
-0,29220232
-0,39855978
-0,49489796
0,016380966
-0,006259948
0,26823837
-0,14484987
-0,30898595
-0,44136027
-0,04323411
-0,040979296
-0,27893648
0,24570751
0,24040645
0,23217535
-0,33174658
0,3381877
-0,0070325136
-0,4172588
0,42670918
0,3034655
0,36464077
0,39272976
0,45967185
-0,34766904
0,078781486
0,4986698
0,18928808
0,17487788
0,18205154
-0,3127113
-0,28036797
0,07765281
-0,3277975
0,07432151
0,19294053
-0,22533831
0,35070395
0,17558116
-0,44072822
0,008476317
-0,22321808
0,26024956
-0,2307142
0,4374426
-0,009790927
-0,3643071
0,4879918
0,44567984
-0,20948714
-0,2291058
-0,24657625
0,42868125
-0,35519397
0,049286902
0,409441
-0,4893979
0,37673086
0,42278844
0,28550875
-0,09667212
-0,42648917
0,22870332
-0,47788578
0,12974459
0,17317826
-0,4391898
0,44193846
0,26345837
-0,3592135
-0,04191497
-0,4762496
-0,4605607
-0,24955836
-0,40238613
-0,16896859
0,35574168
-0,28264368
0,07115328
-0,014887124
0,025071204
0,12903601
-0,3389381
0,047577143
-0,2796098
0,46093243
0,046439946
0,28058547
0,26625353
-0,12674582
-0,29420596
0,36863065
-0,36393154
0,02145356
-0,3053287
0,3897568
-0,13091588
-0,09738433
-0,034639776
-0,1390922
-0,25422797
0,36816657
-0,14727026
-0,07858086
0,17092317
0,45340073
-0,36106423
0,4181429
-0,2675128
-0,24486616
0,4568051
0,1876201
-0,39552045
-0,09414062
0,066836774
-0,21308303
-0,10004714
0,48940814
-0,47637236
0,19415802
-0,17040586
-0,30687448
-0,40146324
0,27685815
-0,22886476
-0,39867833
0,44919688
0,054604173
-0,26284721
-0,037231833
0,41230655
-0,04278332
-0,2159661
0,012556136
0,15440995
0,37147117
0,31756067
0,39984816
0,020831585
-0,22792307
0,48626947
0,42997617
0,496112
0,21440893
-0,37890148
0,23414212
-0,2556595
0,48193407
-0,031846017
-0,2967031
-0,3660444
0,35012728
-0,035155892
-0,39993837
-0,25263143
0,4601323
-0,2973084
0,09174454
0,090524256
-0,20030549
0,10682678
-0,37508577
-0,33323747
0,20220625
-0,056978583
0,45513886
0,11216128
-0,12839165
0,42596275
-0,4940527
0,26610535
0,24248469
0,2974668
0,3949613
0,22504532
0,31940097
0,32750386
0,37401915
0,24733901
0,351807
-0,09345922
-0,2681393
0,38267273
0,21280241
-0,025426924
0,34810644
0,01472801
-0,35244566
0,32200104
0,36537498
-0,11887127
0,27602655
0,30489016
0,14670682
-0,46262115
-0,24186343
0,2836963
-0,35340142
-0,062024146
0,26093954
0,42279422
-0,23219413
0,12984532
-0,37512335
-0,25134557
0,035264015
-0,36071303
-0,20541611
-0,48875326
0,14664543
-0,25552255
-0,25111848
0,15447783
0,28910148
-0,13636056
0,4961412
0,49315172
-0,34671062
-0,10243246
-0,3701104
-0,017602801
0,31469858
-0,056049317
-0,03012231
-0,2722984
0,14725935
-0,45759282
0,07318258
0,05755782
-0,1806181
-0,17254052
0,015675008
-0,3251304
-0,19215506
0,08870947
0,23709136
0,27354115
-0,11479506
0,35516703
-0,48801228
-0,43279812
-0,0035774708
-0,16220957
0,26481986
-0,00078076124
0,092110395
-0,2886152
0,047793925
-0,38363343
0,43776828
0,3194511
-0,3494681
0,2574826
-0,4366224
0,3031878
0,49399322
-0,47432163
-0,024355114
0,37656236
0,16704333
-0,48416346
0,11781174
-0,4267082
-0,26273477
-0,11888099
-0,06685841
0,023134887
-0,13229442
0,08759886
0,06871861
0,15710223
-0,2873631
-0,014581829
0,116989076
-0,07356146
0,16688502
-0,05010149
-0,33723748
-0,23083949
0,45680863
0,39381182
-0,42482716
-0,12853959
-0,024589658
-0,12950817
0,30787563
-0,4388681
0,38306433
0,21702433
-0,17842346
0,021309018
-0,033157855
0,2542305
0,035758376
-0,470449
-0,10474941
0,24013555
0,046625495
0,045576394
0,23896909
-0,41682658
-0,09771308
0,264327
0,2369709
0,18076414
0,42673963
0,23029476
-0,014613718
-0,13437128
-0,37975165
0,30834216
-0,19698018
0,19598281
0,36392218
0,44958317
-0,3368926
-0,34880143
-0,16985065
-0,23019171
-0,09465799
-0,25662428
-0,27099723
-0,32032466
-0,37960172
0,48132563
0,3948387
0,46881717
-0,2673803
-0,46139225
0,4996912
-0,48119307
-0,1636757
-0,18345046
0,3924443
0,33954287
-0,13329083
-0,3260538
0,29143173
0,36110812
-0,20202306
-0,26728117
-0,45125735
-0,15673923
0,38719773
0,09656304
-0,18513429
-0,3391351
0,25336415
-0,27115718
-0,4927976
-0,1257469
-0,44947493
-0,23250765
0,23696989
-0,3301176
0,054320514
0,4427995
-0,14045635
0,115738034
-0,020683348
0,42598474
-0,08880946
-0,08886477
0,1501674
0,32232928
-0,44045123
0,15607148
-0,25524062
0,29642552
0,07764441
-0,16768566
-0,1723952
0,0064364076
-0,23281395
-0,32549104
-0,22529775
0,10686922
-0,26109773
0,032968998
0,15553856
0,24526763
-0,2488338
-0,32440996
0,2585885
0,47088557
-0,25604647
0,30342352
0,29306436
0,28643602
-0,17954361
-0,35134983
-0,31283984
-0,07713276
0,20416856
0,42135876
0,13996434
-0,14093426
0,29845184
-0,38043344
0,26026988
0,36057162
0,40051198
-0,38312393
0,15315282
0,44634932
0,30294287
0,33107996
-0,20438662
-0,06605551
-0,4841292
-0,033031613
0,49781054
-0,34004816
0,4977963
-0,3386227
0,14260197
-0,25591567
-0,21377125
0,25112814
0,23273987
0,04106766
-0,46012554
-0,29468066
0,4875052
-0,16066325
-0,43992692
0,052761197
0,21619225
-0,003525734
-0,35680813
-0,14387259
-0,27422392
0,16414154
0,43118638
0,34070855
0,40902102
-0,47864324
-0,48276606
-0,39623064
-0,24265066
-0,36856368
0,3547805
0,28684378
-0,06556624
-0,14155832
-0,439987
0,39490432
-0,13182774
0,30947465
0,37394464
-0,22696391
0,16053182
-0,44470018
-0,4795989
-0,21105316
0,102843046
-0,16601107
0,29436827
-0,28103513
-0,087046415
-0,045587867
0,18867922
0,15733641
0,35192645
0,3206305
-0,48280007
0,40277475
0,23073441
0,31980985
-0,12571067
-0,47110024
-0,4284952
-0,3065604
-0,2654961
-0,25992122
-0,45209777
-0,02121377
-0,07167253
0,32010537
-0,36865842
0,100700796
-0,051797718
0,48106003
0,40333438
-0,32303667
0,3403771
-0,36795813
0,08670008
-0,39751974
-0,03860116
-0,16123408
-0,48506844
-0,26871794
-0,35836554
-0,24569601
0,44487965
0,01934117
-0,19149446
0,08922303
-0,11744067
0,14322066
-0,46892706
0,06473404
0,31180137
0,12981403
-0,45009315
-0,4757941
-0,19269982
-0,41661882
0,4599647
0,3825919
-0,475729
-0,009923995
-0,29731977
-0,27495322
0,32495093
0,12132698
0,0951581
0,16407299
0,26257843
0,16056025
-0,080504745
0,37793368
0,16026837
0,009354174
-0,44919646
0,059823334
-0,057627708
-0,026641488
0,39608902
0,42505258
0,17818695
0,2785998
0,24404621
0,065880775
0,21279013
-0,48562548
-0,39641088
0,07275176
0,03844136
0,3373335
0,32872236
0,28683162
-0,2586064
0,029264629
-0,0029491484
-0,45128053
0,026842833
-0,3332668
0,3991843
-0,37920135
0,47782725
0,40885514
0,43698138
0,30799055
-0,2377845
-0,26033485
-0,0456661
-0,11871284
0,18224585
0,4039346
-0,15597364
0,07551587
0,1213578
-0,27805835
-0,06748882
0,4019788
-0,13392794
-0,3482651
-0,18093702
0,22627544
-0,48193452
0,29635924
0,48728114
0,45876145
-0,30103114
0,04517758
0,31708002
-0,009802341
-0,28122544
0,29580683
0,2520947
-0,34263802
0,44195533
0,4175418
0,06540042
0,26484317
0,17296344
-0,40603638
-0,010892123
-0,43606287
0,40459543
0,4815086
0,33794224
-0,081597686
0,33449304
0,32467103
0,47473145
0,3975098
-0,31806397
0,05252701
0,32780474
0,3222136
0,005464494
0,13517892
0,34146082
-0,062778234
0,12661391
-0,23354316
0,49635327
0,49919033
0,08840132
-0,35506654
-0,24952784
-0,10724193
0,4977395
0,1568399
0,28209573
-0,071802884
0,18145657
-0,1678459
-0,28053874
0,3340879
0,40379506
-0,26871067
-0,19717997
-0,23576236
-0,23877233
-0,055713385
-0,01391229
0,37890625
0,41513342
0,4131137
0,14665079
0,12112093
0,3256554
0,43977094
-0,44125554
-0,40053546
-0,14283329
-0,046394616
0,13341707
-0,29960254
0,33200663
0,4562915
-0,14822543
-0,1371777
0,3516091
-0,20480138
-0,18553177
-0,260934
-0,17610419
0,31940842
0,46331102
0,26057577
0,43018788
-0,14419237
0,4106158
0,005591333
-0,33301926
0,32408637
0,41154242
-0,29558176
-0,10121745
0,3224945
0,28624058
0,009729326
0,18795729
0,30106223
0,26468295
-0,38324672
0,2593273
0,29039448
-0,043286234
-0,06414509
-0,4906864
0,040575206
0,11161387
-0,20233548
0,08669233
0,389273
-0,016093224
0,13323116
-0,088195145
-0,011793464
0,066692054
0,49321103
-0,24283966
0,40436888
-0,21477857
0,13244647
-0,17467004
-0,22338894
0,1065405
0,0030875206
-0,18344551
0,38120735
-0,3272118
0,3187909
-0,017983347
0,28209507
-0,14925459
-0,22517297
-0,46963507
0,30551326
-0,09944707
0,008884966
0,28281623
0,25899398
-0,35669267
0,33166945
-0,14462337
0,075487316
-0,12346876
-0,4428028
0,25980002
0,4406042
0,16725391
0,2715289
-0,06055495
-0,10661268
-0,49073067
-0,47263378
0,26911467
0,0040450096
-0,0019949377
0,15004534
-0,12713534
0,17860192
0,26910657
-0,26791012
0,040061653
-0,2653915
-0,28624135
0,2570542
-0,48898116
0,4844694
0,05808896
0,11333543
-0,4401713
-0,2717786
-0,22808588
0,4616865
-0,35840484
0,028227925
-0,49475494
-0,28065065
-0,21081337
-0,12943494
0,41709054
0,22218877
-0,4238736
-0,3846817
-0,07072392
-0,37013215
0,35905588
-0,41508687
-0,49794656
-0,34502786
-0,44342318
-0,42865676
0,33162832
-0,21597931
0,045085847
-0,14616844
0,40092474
0,07444233
-0,11280286
-0,21862829
-0,15320486
-0,3680337
0,32914698
-0,3596485
0,16894871
0,3636704
-0,086036205
-0,028846353
-0,13715059
0,17779338
-0,19402081
-0,004600346
0,25042665
0,35554206
-0,34340185
0,3201571
0,21025032
0,36349434
0,04600501
0,17457724
0,48543948
0,48313576
0,38738722
0,12620431
-0,22679275
0,23606288
-0,30628282
0,27415287
-0,14631224
-0,457778
-0,4427244
-0,013702065
0,20687717
-0,35496506
0,3970282
-0,026567727
0,10718799
-0,19751215
0,062487125
0,17846048
0,20973766
-0,34189397
0,4481014
-0,40521783
0,3980891
0,20471764
-0,4045336
-0,16687429
-0,44981435
-0,37499452
0,15202749
0,3065998
0,48753405
-0,22405457
-0,22119948
-0,21009845
-0,35597408
0,010481596
-0,25807476
-0,2575967
-0,23958609
0,2311973
-0,4866459
-0,49277976
-0,09800738
0,37172657
-0,28476757
0,18720591
-0,23443836
0,33349234
0,06834066
-0,39487696
0,3949247
0,27021635
-0,050691724
-0,45569244
-0,025263578
-0,27413136
0,43563354
0,13333112
-0,26280576
-0,49331734
0,3090716
-0,27877095
0,1367017
-0,49949524
0,068794906
-0,046741515
-0,47854644
-0,13134909
-0,23370934
-0,16823965
-0,14197692
-0,34939
0,037256777
0,03221184
-0,014742881
0,10183698
0,35503697
0,14832681
-0,33001032
0,0010065436
-0,3524782
0,12400949
0,31871068
-0,058446378
0,11170423
0,13392317
0,48973024
0,07975948
0,26477993
0,3240897
-0,030659616
-0,31453913
0,25744373
0,47498852
0,34585017
-0,20303884
0,27159792
-0,231944
-0,38622287
0,23236632
0,3985154
0,28400576
0,07757151
-0,28730118
0,27757585
0,06147307
0,36202097
-0,009971976
-0,46851772
0,2969728
0,45429552
-0,4474684
-0,21266541
0,25053632
0,021962821
0,41002542
0,365009
-0,47329843
0,335001
-0,06861094
-0,18904495
-0,009262413
-0,43498325
-0,205493
-0,35789227
0,06697029
-0,2741705
0,15981764
-0,4484235
-0,0586749
0,06348151
-0,22238055
-0,026557386
-0,32226396
-0,20376992
0,46034753
-0,40942797
-0,108743936
0,38239646
0,21551186
0,01598239
-0,31504014
0,13641906
-0,17161644
0,2801566
-0,2809574
-0,28748447
-0,068321526
0,14078099
-0,20623872
0,3171246
0,45779747
-0,13592133
-0,45896274
-0,051954895
-0,4346317
-0,0790658
-0,25376642
0,13390142
-0,41708905
0,34035861
0,07824373
-0,008950025
0,3466791
-0,27014482
-0,11586115
-0,33556646
-0,2214149
-0,017706186
-0,3666091
0,31414998
-0,2680152
-0,30843255
0,41803187
0,2556774
0,25915492
-0,38107705
0,27620256
-0,26707798
-0,17500192
-0,10811293
-0,019346446
0,18282121
0,48271257
0,16669619
0,3577817
0,07576907
0,48288488
-0,45164606
0,014926374
0,06557208
-0,14190578
0,24698061
0,090338945
-0,18610331
0,26010412
0,40701354
0,3291782
0,47267675
0,3399465
0,121302605
-0,05105701
-0,36064857
-0,16608465
-0,026534736
0,4906277
-0,22717437
-0,12857929
-0,4842227
-0,09621084
-0,102098525
0,3921855
0,38682997
-0,3984846
-0,06419343
-0,22265953
0,15177524
-0,09557986
0,11622423
-0,112864554
-0,23064527
0,2415967
-0,46834558
-0,3018188
0,23867518
-0,4539662
0,3549356
-0,49538767
-0,3621688
0,26986462
-0,45022917
-0,03277892
0,15055245
-0,4489904
-0,17806023
0,47472477
0,14969498
0,40766448
-0,2345733
-0,41556746
0,24421781
-0,14748636
-0,4607134
0,43093508
0,44980806
0,08901852
-0,0072853267
0,4291364
-0,47245738
-0,028747976
0,32325846
-0,007689476
-0,38163963
-0,3480467
-0,36496583
0,21529317
0,47472614
-0,09296849
-0,14033961
0,433177
0,47776037
-0,22085789
0,44623035
0,46100128
0,42651993
-0,2226215
-0,36090022
0,44642305
-0,47975433
-0,19361332
0,0046945214
0,35670096
-0,35922974
-0,37905213
-0,29388452
0,33757442
0,3063686
-0,37574732
0,30011177
0,41984886
-0,29306698
0,11573762
-0,44321692
-0,3425906
-0,21538761
-0,12214324
-0,21115017
0,25586128
-0,0028598905
-0,2648005
0,43382895
0,056882203
0,08914
-0,077448726
-0,019847572
-0,21729013
-0,1926738
-0,10278535
0,40235323
-0,054122478
-0,3883376
-0,2178761
-0,1051735
-0,20079935
0,09784496
-0,42983907
0,32647675
0,44960082
0,40271175
0,026663542
0,013979852
0,45883912
0,08503389
0,043927014
0,382258
0,26461118
0,13362348
-0,20731303
-0,2138541
-0,16832688
-0,47891456
0,43123823
-0,07010999
0,23279631
0,3636608
0,15705246
0,21754229
-0,14294651
0,2812987
-0,15000156
0,28838664
0,13478857
-0,05285582
0,47832292
-0,48515216
-0,051137686
0,3490783
-0,1920554
0,27958345
-0,20376098
0,35456455
0,37291014
-0,062344193
0,24661428
-0,27272004
-0,33032328
-0,18589118
0,19276321
0,43176
0,3060065
-0,34905642
0,2796868
0,12980604
0,13822454
0,07461703
0,39105862
0,23260367
-0,34630364
-0,01785469
-0,3930186
-0,31323102
-0,27418065
-0,4492881
0,36346346
0,059274852
0,034879625
0,27353954
0,301279
0,23136568
-0,2937048
-0,4231972
0,36933708
-0,068448424
0,057525218
0,021214426
-0,25248402
0,41645223
0,38441664
-0,2800086
-0,053201973
-0,32868695
-0,14293903
-0,043456346
-0,120476514
0,25885177
-0,062438518
-0,2392033
0,20809615
0,3697229
0,15145063
0,4047398
0,34831345
-0,42145222
0,20048964
-0,47196543
0,09941059
0,09390551
-0,16985917
-0,38984117
0,2017163
0,4569558
0,43266898
-0,022104204
-0,09696302
-0,47402614
0,43268847
0,025656521
-0,124221325
-0,21194068
0,3089264
0,14768457
-0,059616864
-0,41237593
0,3630069
-0,14475948
-0,24186099
-0,34186208
-0,023818076
-0,22224504
-0,123302996
0,0002580285
0,057614565
0,3022188
0,39735454
0,408989
0,49666423
0,10151744
0,050890982
-0,30544767
0,48266327
0,266262
0,16606915
0,22900641
0,45402145
0,43078637
-0,016394228
-0,086682945
0,26335585
0,029938102
-0,40729374
-0,45755872
-0,21270731
-0,027413636
-0,4782251
-0,4522061
0,021589577
-0,058623254
0,07429755
-0,258172
0,25870466
0,1549297
0,06643295
-0,18372831
0,022848248
-0,3597108
0,27796412
0,03917879
-0,41691113
0,090522945
-0,32442245
-0,4384917
-0,14205408
-0,03902477
-0,3281995
0,37786573
0,32900727
-0,34251285
-0,3649792
-0,39612678
0,42554706
0,00410074
-0,24649155
0,30564517
-0,055013448
0,46795064
0,4887827
0,45078427
0,462816
-0,029869646
-0,43703657
0,36415607
0,1525439
0,08562791
0,2821406
0,47368103
0,120982885
-0,10678914
0,380507
-0,17461213
0,11652237
-0,43713358
0,104973376
0,28044426
-0,013427138
0,4930678
-0,06308782
0,42566884
-0,48598027
-0,18083954
0,25397795
-0,20495048
0,32119375
-0,34298068
0,37954277
0,32363796
-0,43778306
0,19579852
0,45950937
-0,1160498
-0,24472195
-0,09884071
-0,40251112
0,09433699
0,006300628
0,4718492
-0,24600202
-0,48140082
-0,24551478
-0,26853633
-0,14108577
0,4903525
0,04282528
-0,076999396
-0,4146215
-0,24041086
-0,08701697
-0,055319577
-0,44909236
0,23063731
0,38539124
0,043163836
0,15937352
-0,035462797
-0,08691123
0,4909073
0,012822926
0,12296355
-0,47892725
-0,3436627
-0,26075673
0,05652368
-0,32791942
-0,10693419
-0,40390188
0,19974643
-0,24138892
0,12531608
0,09149516
-0,057533294
-0,023493975
-0,4710257
-0,082995534
0,17979532
-0,20251349
0,42474324
0,007315457
-0,3878765
-0,41117585
-0,07104531
-0,37572232
0,1757223
-0,026995718
-0,26735717
0,057597816
0,27861166
0,22712076
0,18617672
-0,07355267
0,030391693
0,41909182
0,054881036
0,18715793
-0,35512263
-0,35252517
-0,22508287
0,30393952
-0,11540377
0,16963303
-0,3315613
-0,14319745
-0,30559707
-0,26881254
-0,3899553
-0,47934163
-0,13964775
-0,395193
0,42237765
-0,1048823
0,285501
0,3660708
-0,3808471
0,3197955
0,25805563
0,45166993
0,06334782
-0,027840197
-0,19795886
0,2080633
-0,002072841
-0,48687336
-0,46680474
-0,15070066
0,16035753
-0,10900259
-0,2289888
0,41711682
-0,42506525
-0,4111305
-0,4017885
0,3620494
0,4465757
0,07021254
-0,45085782
0,27027637
0,11553615
-0,040065944
-0,3737831
-0,22698978
0,4880494
-0,37089717
-0,009361744
-0,27949634
-0,20176017
-0,055722088
-0,47650033
-0,41584682
-0,2805158
0,07313275
0,386077
-0,22045395
0,1569745
-0,4608551
0,38097656
0,4509964
-0,3833658
0,059283614
-0,12078729
0,34860396
0,26365554
-0,20504665
0,32227987
0,14856184
0,43635958
-0,4783289
0,47796267
-0,09792951
0,26210952
0,43442833
-0,2374982
0,002685845
0,2883761
0,3383546
0,31052595
0,3738389
0,36631173
0,12867421
-0,03961742
-0,17369291
-0,4199315
0,16008365
-0,039391875
0,28022397
0,13410288
0,41652322
-0,021711916
-0,3810613
0,061584294
0,17446738
0,107118964
-0,18889615
0,4897902
-0,27120095
-0,23470703
-0,03198394
0,289329
-0,35388833
0,37741053
0,103509724
0,020338237
-0,18601549
-0,33710042
-0,071406126
0,21141994
-0,031737924
0,25593382
0,12300944
-0,002035886
0,10416597
0,16259295
0,28302628
-0,28315374
-0,11486876
-0,023767412
-0,24897671
0,16334414
-0,31536603
0,14173722
0,45999247
0,4215014
-0,2644962
-0,19622165
-0,0024760365
-0,3239829
0,36761552
0,2708962
-0,35025385
-0,23110083
0,20170873
0,3307786
-0,061911076
-0,027897477
0,044386566
-0,23904428
0,34663534
-0,17426449
0,37798303
0,39230043
0,4799568
0,31690687
0,41602296
0,34783524
0,07655567
0,47404414
0,20490056
-0,4071904
0,14626104
-0,42824975
0,22879755
-0,22583812
-0,40476206
0,15159923
-0,22145045
-0,11576903
0,27116084
0,42842472
-0,12441674
-0,49507236
0,25839978
0,28449106
0,09549105
-0,4295373
0,48996556
0,48448992
-0,24324703
0,44008195
0,48781472
0,2922129
-0,3878891
0,2857998
0,44666445
-0,23720661
-0,048288375
-0,441557
0,16844672
0,11003536
-0,21717107
-0,008981615
0,48627156
0,026663363
0,19645232
0,39725196
0,060061872
0,23767537
0,36436737
-0,32812706
0,25945055
0,2773823
0,01370883
-0,39753708
-0,27943835
-0,40376002
0,3130824
0,48235065
-0,30690372
-0,045523047
0,3860026
0,22118217
-0,4654376
-0,38398272
-0,15851814
0,23333985
0,08676648
-0,006430477
-0,45833385
-0,43135548
0,25463182
0,34360534
-0,329856
0,42304295
-0,48767906
-0,2879418
0,061534524
-0,22339493
0,460173
0,042086244
0,11809623
0,21329689
0,29522228
0,21317798
-0,24699488
-0,38264138
0,44607675
-0,076367795
0,10489792
0,32615012
-0,10414657
0,00965786
-0,01739353
0,24635684
-0,3299986
-0,36284488
0,095638454
0,41922808
-0,4197384
0,38594377
-0,10740888
-0,098630875
0,092731714
-0,20374915
-0,30651975
-0,16946375
0,38953966
0,44564748
0,29830664
-0,44130814
-0,047097117
0,15649974
-0,48074043
-0,2651496
-0,27731657
0,33548206
-0,22023004
0,3737654
-0,106811374
0,31077456
0,18769175
-0,09512463
0,4611051
-0,12898734
0,39986366
0,15591305
-0,38918966
-0,41449672
0,12036371
0,30852813
-0,24293283
0,02265662
0,36265177
0,37232095
0,35482556
0,24835098
-0,16980863
0,2008819
-0,21633697
0,027461171
0,34288687
0,15957767
0,22970688
0,022194564
0,48300582
-0,29654217
0,22239333
-0,112015545
-0,2503162
0,11210841
0,25168437
-0,38074028
-0,4827942
0,39981925
-0,10483402
0,37051594
0,0053515434
0,32919568
0,40147948
-0,40740925
-0,011789978
-0,17221764
-0,13448295
0,03762555
0,4683053
-0,023857921
0,3022235
0,07825917
0,23569989
0,47359312
-0,15521601
-0,19903195
0,29431707
0,04113978
-0,24852046
-0,19849753
0,3294865
0,037481904
0,47523373
-0,07362312
0,03935039
-0,49581462
-0,28813764
-0,17945749
0,026652873
0,14625329
-0,3348533
-0,04950127
-0,45680696
-0,013159782
-0,15985107
0,12791014
-0,32601783
-0,45756134
0,38722742
0,1440661
-0,057923913
0,38622552
-0,40192866
-0,08959517
-0,4674485
-0,029206395
-0,2530766
-0,41441128
0,4365204
0,34352934
-0,17597547
-0,3445348
0,3128025
-0,10753703
0,013380051
0,41674846
-0,3360244
0,37117583
0,23546869
0,20351851
-0,42575833
0,36995828
-0,05510184
-0,1518428
0,12902296
0,2937559
-0,26071703
0,047825098
0,15514106
0,17188221
-0,09036708
0,41541302
0,4748599
0,35837752
-0,31411117
-0,19890606
0,46388054
-0,29532945
0,30863833
0,44615543
0,31437904
0,400867
-0,24257454
0,10036284
-0,047089875
0,18944514
-0,22047576
-0,25985795
0,045141518
-0,48561594
0,26581454
-0,39183882
0,09257805
0,10639423
0,26629955
0,33501208
0,099592686
0,4753924
0,1581735
0,20393044
-0,21277419
0,3268184
-0,2507886
-0,4282592
0,47331268
0,25699258
0,22143066
0,25322437
0,19122744
-0,022701025
0,120817065
-0,05478424
-0,014755607
-0,079957366
0,4774531
-0,19825873
-0,499908
0,3838843
0,21538633
-0,15849066
0,1621666
-0,4064948
-0,35551542
0,016913235
0,28434414
0,38058102
0,26298308
-0,36036724
-0,34728122
0,18962437
-0,17021728
-0,3055588
-0,45784962
-0,32357895
-0,26685447
-0,1555022
0,35928392
0,3725162
0,38748485
0,020990968
0,12600338
-0,36878762
0,06674713
-0,22724795
0,02805841
-0,16121319
-0,24844208
-0,4055701
0,3633588
0,3567533
-0,41322103
0,256365
0,18939978
-0,37158453
-0,2176491
0,32748342
0,20919496
0,20405442
-0,37325257
0,09511125
0,43511522
-0,33413613
0,43694407
0,024490833
0,10595024
0,24195427
-0,21626997
-0,3764164
0,34804195
-0,41209084
0,37773412
-0,019179791
0,49526548
-0,3011304
0,22411883
-0,2718178
0,3305046
-0,3937199
0,217583
0,10867846
0,19663757
0,38204277
-0,17092869
0,29865456
0,15217537
0,38652813
-0,054790974
0,35805583
-0,15500611
0,13257647
0,15909863
-0,013628215
-0,12838876
-0,3799293
-0,09414303
-0,41156012
0,45312274
-0,22767675
-0,041766167
0,13054198
-0,10759127
-0,14273417
-0,2539624
0,3585354
0,37285453
-0,45270765
0,18929154
0,09618837
0,47071713
0,09513146
-0,28826237
0,2087968
0,31751007
0,20585084
0,32227564
0,1577
-0,21205309
-0,42537272
-0,22794682
0,42139512
0,33445156
0,38627267
-0,3761412
-0,031036705
-0,46649438
0,08257061
0,36760372
-0,4832177
0,26269114
-0,14263314
-0,17444336
0,42379206
-0,16760379
-0,16315255
0,394175
0,029378355
0,08202404
-0,29649973
-0,10249415
0,13960344
-0,37313414
0,44506276
-0,40460125
-0,22242948
0,31220573
0,32173175
0,25567967
0,23469931
-0,106353104
-0,4575908
-0,28257343
-0,42311433
0,046600282
-0,08823502
-0,4574569
-0,05480221
-0,29383504
-0,48450893
0,2505672
-0,12060788
-0,013519645
-0,046000898
-0,02935183
-0,15570149
-0,015484273
0,2803024
-0,12458068
-0,17277676
-0,27532297
-0,2507347
0,12197703
0,02863729
0,17310727
-0,43206817
0,3359866
0,42935014
-0,16711703
0,38590896
0,49859738
-0,045820594
-0,26023358
-0,3450765
0,44636422
-0,34483904
-0,42130303
0,31612682
-0,033126056
-0,19358012
0,1125707
-0,35851738
0,36528713
-0,048615396
0,47999448
0,32969856
0,10781944
0,3842153
0,47120392
0,4872995
0,015995085
-0,46367148
-0,37304062
-0,23695365
0,16591036
0,2655909
0,2231543
-0,40501958
-0,054620326
0,2467581
-0,4824162
0,29197204
0,06656706
0,32203078
-0,2806338
-0,492139
0,04259777
0,49774975
-0,08557996
0,44730455
-0,3630852
0,29503393
0,39733404
0,14239854
-0,16713929
0,3445202
0,047587812
0,41056335
0,052190423
-0,23962581
0,17386335
-0,061335742
0,19036436
0,26849586
-0,041161805
0,27842462
-0,12711984
-0,33172977
0,1093722
-0,16726118
0,16547513
0,40503114
-0,038371652
-0,49237975
0,3642971
0,08221692
-0,110661834
0,34179717
-0,12907037
-0,26818192
-0,47303018
-0,34599826
-0,21061948
0,35709518
-0,28353518
-0,30871826
-0,3159513
-0,039445966
0,066645324
0,48648387
-0,1571525
0,25630254
0,17646903
0,42181468
0,35673875
0,046178818
0,4726761
-0,27278745
0,39789158
-0,26692984
-0,11409101
0,20449626
-0,11944842
-0,00871703
0,08662635
0,34092724
0,2315126
-0,20277831
0,47281343
-0,310909
0,1121639
0,21780127
-0,4283887
0,4463529
-0,17057979
-0,4805107
-0,38293636
0,27128243
-0,11275965
-0,3269437
0,21531725
-0,007699847
0,2156071
0,04019624
0,0024115443
-0,11682445
0,35078984
0,011157632
0,35314733
0,34888464
0,2566297
-0,051424265
-0,2678076
0,44943082
0,04619032
0,06961405
0,12810832
-0,02664259
-0,30350858
0,33383125
-0,114599645
-0,09565291
-0,38437498
-0,49753055
-0,26519263
-0,10335693
0,48590297
0,4667893
0,35613316
0,025208533
0,17631763
-0,3034371
-0,00405398
0,41319835
-0,30953807
0,15226638
0,3916363
0,3480457
0,42840683
-0,23243064
0,26844668
0,22263074
0,36826587
0,12720764
-0,046451688
-0,06501615
0,43434697
-0,24779147
0,33584523
0,49911416
-0,09758335
0,48726892
0,38310033
0,44170058
-0,18973249
0,3718989
0,2716453
0,47656
-0,47711813
-0,115970045
-0,40110284
-0,34874445
0,34454334
0,46479106
0,208597
0,33793962
-0,048326135
-0,12288931
0,28328764
0,44602203
-0,18642735
-0,49225
-0,21462896
-0,34247565
-0,1573776
0,24406666
0,26791596
0,47394735
-0,15607801
0,3436938
-0,20066917
0,108878374
0,26961356
-0,085896134
0,27147007
-0,35208392
0,056381047
-0,3595872
-0,15961796
0,0379889
-0,38006157
0,284854
0,47578013
0,24614406
-0,079811126
-0,0054214597
0,33295894
0,2829216
0,37402666
-0,19057146
-0,07244572
-0,31200585
-0,17860359
0,38835752
-0,39406282
-0,33341444
-0,18351197
0,2229405
-0,3725808
0,4367349
-0,44308695
-0,2074089
-0,15410542
0,32312852
0,3112877
0,31148374
-0,19226319
0,38571978
0,42122078
-0,49550053
0,19480622
0,32378447
0,45970726
0,005410254
-0,007581115
0,00026226044
-0,23984191
-0,23210984
-0,340342
-0,035179466
0,17943788
0,12845439
0,10079676
-0,36350384
-0,00926736
0,06383675
-0,417512
-0,4906774
0,263669
0,18591493
-0,49574676
0,20674801
0,41661942
0,47576058
0,20371419
-0,13841715
0,40350103
0,20164019
0,13071543
-0,45685157
0,44877434
0,19591272
0,17125928
0,39833397
0,46759945
-0,3304066
-0,08192557
0,14367193
0,11242193
-0,16032395
-0,24729913
-0,49854338
0,44399554
-0,02542606
-0,47061673
-0,4605918
-0,17566067
-0,48591882
0,07973051
-0,3922206
-0,09121543
-0,22059155
0,39227432
0,36680937
-0,4482828
-0,49848726
0,43286264
0,024943948
-0,2786125
0,49333662
-0,43844444
0,43395913
-0,0062792897
-0,10892296
-0,45403838
0,10660046
-0,053194553
-0,096229196
-0,049847215
0,014419436
0,28449905
-0,20969057
-0,23286644
0,0897246
-0,12902915
-0,3275417
-0,22903758
0,3986889
0,18873435
0,1549297
-0,27444005
-0,35783944
0,1158241
-0,24375111
0,05252832
0,48905313
-0,46650982
-0,4197718
0,45395482
-0,24258742
0,307504
0,055289626
0,021292686
0,415075
-0,44117886
-0,19754791
0,1769777
-0,37418348
-0,09712109
0,09792125
0,17553586
0,21153837
-0,3642167
0,011055708
0,24915767
0,39280635
-0,10058659
-0,25608867
0,19642138
-0,35242027
-0,28734124
-0,17741549
0,47503155
-0,009627581
-0,38288507
-0,4917263
-0,44606298
-0,060424924
-0,25522366
-0,4607104
-0,41693422
-0,17703629
-0,3405195
-0,43951857
-0,10513219
-0,10301468
0,29981363
0,19044596
0,42509925
-0,27155927
0,4148175
0,028955877
-0,42174813
0,10935187
-0,1261144
0,26997572
0,32102835
-0,3212552
-0,2177875
0,43020916
-0,40363342
-0,13628066
0,17510635
0,11387229
-0,35945803
0,3226809
-0,47957766
-0,3132969
-0,44685876
-0,03558281
0,11786735
0,24265045
0,46269906
-0,36134323
-0,1537334
0,38719118
-0,15453804
-0,24305913
-0,17140329
-0,11146307
0,13618404
-0,04085186
-0,24263543
-0,2619495
-0,28329414
0,4967342
0,11156869
0,30499548
0,0013090968
0,0097667575
0,17046279
-0,09137744
0,19838083
0,26478952
0,16551793
0,23679167
-0,29832214
0,21379948
-0,06367412
-0,21894434
-0,40888995
0,23037499
0,3753081
0,30230546
0,35251158
-0,17310065
-0,3403198
0,06985718
0,33716244
0,31621313
0,4264028
0,32533264
-0,011965126
-0,29076064
-0,430399
-0,19227889
0,22330368
-0,4999361
-0,48552817
-0,47064397
-0,26527727
0,2512896
0,3479194
-0,2720821
0,17711973
0,1173861
0,46028125
0,31552958
-0,1639061
0,19745469
0,26839888
0,1829685
-0,028437972
-0,018196106
0,30666983
-0,06855175
-0,006182164
-0,06941062
-0,21406543
0,42769247
0,4438846
0,25762874
0,1558379
-0,13384181
-0,16854966
-0,3378778
-0,4713332
-0,35074273
-0,4685956
0,38946807
-0,14880815
-0,38702223
-0,4482968
0,013523459
-0,19018084
-0,23406151
0,40762627
0,16008854
-0,10994187
-0,4548191
0,37971318
-0,46993616
-0,35803407
0,23355019
0,3501681
0,4143052
-0,40797776
0,27002943
-0,4918638
-0,041692227
-0,107244015
0,41058433
-0,16386199
0,15182436
-0,451522
0,43240827
0,394939
-0,48026872
0,01883465
0,18320704
0,4897499
0,20206875
-0,2953579
-0,30747095
-0,09446263
0,49706018
-0,055757552
0,25760537
-0,11129022
0,38831782
0,47154486
0,26627207
-0,11412844
0,43793362
0,4138115
0,06061089
-0,32263342
-0,06274566
0,25640678
0,04100865
-0,2951802
0,27963322
0,08353555
0,27021664
-0,3430371
0,39846265
0,498195
0,28066874
-0,23627329
0,2851323
0,3585074
0,14356625
0,18044347
0,27472997
-0,17637679
-0,10916206
0,23663616
0,13895965
-0,3289314
-0,16011995
0,12646705
-0,4467301
0,46306014
-0,10897833
0,19169253
0,4686904
0,3983022
-0,4083488
-0,38013953
-0,24606764
0,3847056
-0,46792635
0,33316904
0,23590577
-0,39775053
-0,44550294
0,31341857
0,4087876
-0,27775675
-0,3691482
-0,41761178
-0,45496115
-0,41934532
-0,08644411
0,34371018
0,1962815
0,32020515
0,22238684
0,2374025
-0,1108557
-0,1780788
0,067641854
-0,17394713
-0,3078
-0,07531461
-0,08913511
-0,4638184
0,16134143
0,30105746
0,4976555
-0,34639817
-0,066358626
-0,055021554
-0,33544993
-0,113895714
0,34458983
-0,12734699
0,3520565
-0,31622335
-0,33397242
0,17249262
0,37265158
-0,3369723
0,12494147
-0,32450193
-0,34886146
0,07248521
0,095938325
0,032458782
0,4755621
0,4672255
0,42493618
0,059708357
0,42965835
0,43733394
0,31179082
-0,28758788
0,43166018
-0,19267529
-0,35030618
-0,06923747
0,024241686
-0,06968233
0,16335624
0,3901394
-0,07734075
-0,3436931
-0,45104146
-0,10349476
-0,13119408
0,108730435
-0,021866232
-0,42188254
0,14127922
0,053550422
0,026143253
0,34440923
0,37652665
0,47849834
-0,44323313
-0,10353452
-0,0013625622
-0,34175718
-0,43523666
0,3873583
0,47512448
-0,46289617
-0,10920283
-0,20612577
0,37975806
-0,10156301
0,23097247
0,34252274
-0,48647535
-0,3042454
-0,4040372
0,15478426
-0,073548466
0,013142049
-0,41171753
-0,002971232
0,1370393
0,20888335
-0,033699512
-0,46948367
-0,25597906
0,3829531
-0,36975598
-0,17050314
-0,0068073273
-0,39660776
0,17776042
0,32494867
0,3372255
-0,37058452
-0,01850605
-0,21442583
-0,48368838
0,032727182
0,43400848
-0,17832273
0,3676613
0,066357434
-0,20434129
0,38952303
0,37880808
-0,22495815
-0,4827774
0,14903766
-0,08355862
-0,2072266
0,4511419
0,1618613
0,42889488
-0,038441956
-0,051799387
-0,16143507
0,4673407
-0,44618696
0,41419762
0,009679258
0,15576863
-0,10806233
0,33495122
-0,45113608
-0,24476248
0,18327755
-0,2084597
0,44734108
-0,3879562
-0,13804817
-0,46292552
0,19912583
-0,293738
-0,49359405
0,1289779
-0,0069172382
-0,33659506
-0,49545255
0,4101668
-0,47177783
-0,4465528
-0,030291468
0,05730754
0,3107862
0,33166546
0,44912714
0,14769697
0,03624463
0,29327965
0,24315983
-0,4518175
0,28934145
-0,05308932
0,2394076
-0,025015473
0,21677333
0,42515278
0,30659437
0,031622887
-0,24278697
-0,027498454
-0,24294162
-0,19355294
0,43012452
-0,1351228
0,42225802
-0,24017599
-0,36608428
0,21295685
0,10975218
0,1653347
0,37654656
-0,2666899
-0,39406365
-0,034035504
-0,23510298
0,018178105
0,024557114
0,28135574
0,068882585
0,19970101
-0,23255903
-0,021496177
-0,031095892
0,2346273
-0,49810988
-0,042184234
-0,3932461
0,215576
0,19828033
0,17349559
-0,0033323467
0,05800271
0,2426216
0,47224945
0,17590845
0,111769736
-0,23511809
-0,19986698
-0,21292457
-0,24728549
-0,13925365
0,20312327
0,31694257
0,32764196
0,07195431
-0,3782613
-0,27323344
-0,37176085
0,09424043
0,26331437
-0,0075264573
-0,21353376
-0,33688033
0,07688993
0,18273902
-0,40975916
0,24230659
0,1648345
-0,3742605
-0,26808414
0,48388696
0,18237263
0,49144363
0,10648787
-0,17286783
-0,2082954
0,4196437
-0,29161438
0,11756927
-0,28984308
0,26061857
-0,20961067
0,08378166
0,2647227
0,2774111
0,27612847
-0,38728395
0,08214635
-0,24480763
-0,39728123
-0,008969277
0,067528665
-0,30985513
-0,12517956
-0,07399088
0,36574048
0,32149422
0,3761537
0,09525776
0,23052609
-0,3367033
0,36379653
-0,3458246
-0,18599501
-0,18489584
0,44696617
0,21821666
-0,24891812
0,0059863925
0,38502133
0,31663436
0,047193646
0,48070073
0,037356257
0,36221027
0,3149503
0,48662525
0,4477483
-0,18933338
0,008257508
-0,19110355
0,04658538
-0,40811497
-0,4983933
0,10905856
-0,17419642
0,01579827
-0,23997515
0,31780535
-0,4294252
0,27021235
-0,4698671
0,4131376
0,13873154
0,44206697
0,25035697
0,07197034
0,43885475
-0,18890744
-0,44231334
0,49401033
0,4630447
-0,25638157
-0,016906798
-0,07664475
-0,49349415
0,39740306
0,0968889
-0,046179682
-0,46606573
0,40544665
0,026088595
-0,12978274
0,45492774
-0,26412082
0,40596944
0,21820396
-0,21123675
-0,08127856
0,49193978
0,10344744
0,3290754
-0,23743147
-0,14583334
0,030034482
-0,3077609
0,056132972
-0,015586734
-0,19087514
0,3308143
0,024876297
-0,44037533
0,30304772
-0,11890423
-0,13936058
0,4964332
0,02519846
-0,29892328
-0,34278107
-0,29361326
-0,29571795
-0,19578385
0,06926149
-0,14092392
0,20284986
0,45004547
0,41955382
-0,0527533
-0,33537015
0,018258154
-0,04781741
-0,38705432
0,17686266
0,2606308
-0,11914578
0,12354672
0,4440887
0,40390652
0,17890513
0,49608177
-0,24964696
0,44854277
0,3654986
-0,2218808
-0,22874734
-0,29073986
0,19875091
0,30788398
-0,21268609
0,16864353
0,30723578
-0,47536236
-0,42316383
-0,24548814
0,07559627
0,44641215
0,0221107
0,11749154
-0,09173137
-0,036921263
-0,4664669
-0,19457471
-0,35727203
-0,4918048
-0,03986007
-0,28452373
0,2244842
0,39159125
-0,35089147
-0,09855193
-0,33932477
-0,21275583
-0,13373315
0,09054577
-0,0713712
-0,028339714
-0,23856103
0,32479495
-0,3353119
-0,25748685
-0,4131379
-0,12707189
0,3574475
0,16544384
0,3499456
-0,08314285
-0,47711936
-0,284551
-0,30243444
-0,34468347
-0,30558765
-0,09929347
0,030192137
0,2918095
0,2301752
-0,4460914
0,18712234
-0,13799894
-0,24177688
-0,13665539
0,19569409
-0,031232178
0,017995417
-0,045713127
0,00703305
-0,05564934
0,043444514
-0,16320035
0,04934156
-0,039619565
-0,17328009
-0,21949631
0,23108113
0,3575204
-0,23981512
-0,4404628
-0,38211322
0,19146383
-0,030501574
0,04198104
-0,14934564
0,1034472
0,47117364
-0,27392423
-0,34080848
0,022188187
0,26501578
-0,22057506
0,25177854
-0,012102693
-0,122264296
0,16309315
-0,02477938
-0,102087826
0,28549778
0,464114
-0,4826232
-0,1849421
-0,186461
-0,20825294
-0,4375905
0,3299837
-0,267556
0,1322037
-0,26088592
0,18999082
-0,4015038
-0,43980175
0,10822892
-0,15330249
0,47278845
-0,16967544
-0,07075116
-0,3323201
0,108006954
-0,031939983
0,00848037
-0,25776845
-0,017437756
0,24252409
0,35845244
0,119913995
-0,34998935
-0,14603215
0,2770561
-0,090228826
-0,26949418
-0,47716358
0,18824673
-0,04135135
-0,3664574
-0,17667729
0,26157272
0,2958644
0,37977576
0,31844985
0,3302976
-0,076441884
0,49735343
-0,2599225
0,4711247
-0,029338866
-0,19178376
-0,20491779
0,1791206
0,22133988
0,3263508
-0,183739
0,33472145
-0,004216075
-0,06455189
0,4239145
0,060066223
-0,04982868
-0,11754313
-0,24615896
0,20547086
0,14281446
0,1600759
0,46440107
0,23757178
0,26791304
0,33845168
0,47558188
-0,218476
-0,13784742
0,24104118
-0,25164768
0,18135262
-0,26259187
0,096352935
0,409527
-0,49460506
0,19505215
0,39608753
0,4108814
0,34636736
0,2955585
0,35830092
-0,17122075
0,11266011
-0,050793737
-0,19763535
-0,20204017
0,45571178
-0,19560587
0,24439067
-0,34833974
-0,32467663
0,08523613
-0,090189815
-0,40925407
0,41937363
-0,06962639
0,34882438
0,043449104
0,16620153
-0,3781705
-0,23517177
-0,11118218
0,45975602
-0,25884724
0,025038362
0,20746922
0,38173515
0,37167972
-0,21184886
-0,08515835
-0,49270144
-0,28848803
-0,12903804
-0,34658393
-0,1417372
-0,23147339
0,24312317
0,33390749
-0,14267114
0,43824005
0,42373508
-0,042767048
-0,33371097
0,3213761
-0,21582884
-0,2767243
-0,34640244
0,07583237
-0,3497436
-0,3911686
-0,22437146
-0,15535522
0,45336348
-0,116417825
0,27825725
-0,39230955
-0,07565284
0,15551805
0,361062
-0,35058475
-0,28236848
-0,42950326
0,47005498
-0,18293992
-0,4869991
-0,44040912
0,32611507
-0,16791785
-0,20490521
0,36314017
0,041508317
0,39760703
0,10110414
0,4261312
-0,3765368
0,46421683
-0,44631517
0,110908985
0,13561219
-0,25291377
-0,2887783
0,10653728
-0,44736224
-0,41071397
0,03712094
-0,23784178
0,17501283
-0,34934324
-0,07285717
0,24874741
-0,08046818
-0,13827455
-0,2515638
0,35353494
0,04373592
0,4545133
-0,29524356
-0,392323
-0,36032695
0,06848347
-0,13920885
-0,48047975
0,2109375
0,37341022
-0,13029835
-0,108721405
-0,04594499
0,46161997
-0,49890617
0,4059593
-0,4849281
0,16844875
-0,460942
0,0044940114
-0,21485266
0,3946421
-0,14853573
0,31688482
0,43538815
-0,38823462
-0,24806559
-0,42962754
0,2291472
0,303782
0,008570194
-0,16499165
0,2789501
-0,35570264
0,43745387
-0,46612152
-0,27445108
0,26655072
0,069262564
0,12783945
-0,24341875
-0,14020377
0,09403849
-0,0017789006
-0,28026193
0,43987918
0,022835612
-0,16817603
0,49917173
-0,3615587
-0,21852455
-0,410626
0,47885102
-0,2941257
-0,11365509
0,42477423
-0,37316895
-0,3401128
0,3694315
0,42732644
-0,16739675
0,37796122
0,47574776
0,48260158
0,09755194
0,020741642
0,47291636
-0,38205302
0,16983771
0,4390636
-0,16959938
-0,022425532
-0,2679947
0,49212646
-0,18921438
0,49584204
0,2025469
0,27135664
-0,020361036
0,2771129
0,46094406
0,13738602
0,13939893
-0,18729803
0,241741
0,14478755
-0,29502425
0,49403822
-0,1548121
0,28098458
-0,13748083
0,08146143
-0,12342444
0,33460057
0,30630642
0,07103658
0,23293829
0,22973937
-0,17323264
-0,23390856
-0,38712567
-0,46256796
0,24343044
0,11778355
0,42708427
0,06784302
0,16710627
-0,37310696
0,18675429
-0,16204736
0,047283113
-0,3564886
0,24702859
-0,21887437
0,33466476
-0,35277504
0,105356395
-0,03695047
-0,05862686
-0,15077716
0,1645776
0,062499285
-0,21767363
0,27989697
-0,22270548
-0,46823624
-0,44409913
0,2118733
0,18328667
-0,22442484
0,42893755
-0,20046192
0,39957643
0,44450027
-0,33695063
-0,088315785
-0,15296921
0,40369463
0,40491802
-0,048380703
0,06350523
0,17952687
-0,15390146
0,07225442
0,43542868
0,08157474
0,17562193
-0,3167603
-0,102359176
-0,4125101
0,41970354
-0,44231543
0,15366948
0,09567845
0,13732266
-0,34023726
0,11187261
0,08019143
0,39657825
0,12726378
-0,43377742
-0,25786358
-0,05042398
-0,23814222
0,42416763
0,28049928
0,09868318
-0,22925752
-0,1787329
0,39574426
0,39948452
0,24496531
-0,26075166
0,07450622
0,22402948
0,3783955
-0,28454235
0,34976965
-0,042184114
-0,49551663
0,21515673
0,40847486
-0,19343963
-0,49228728
-0,09988341
0,11199772
-0,1900248
-0,45808488
0,17379606
0,1006763
-0,3127923
0,45924383
-0,32476392
0,4793505
0,061234057
-0,2925616
-0,022222072
-0,30858296
-0,07625377
0,11394155
-0,4985001
-0,19605115
-0,15763533
0,2974798
0,009396613
-0,15063411
0,3480562
0,043263018
-0,28480834
-0,41410697
0,19679159
0,023997009
-0,23834488
0,02366513
0,40975666
-0,44040018
0,4917758
-0,312545
-0,41949528
0,355057
0,23519158
-0,17334434
0,20937628
-0,34560895
-0,39915746
0,076586366
-0,41798127
-0,24777967
0,47975504
0,055871844
0,085300565
-0,38643426
0,25495285
-0,22910541
0,26463574
0,2351985
-0,19026092
-0,4810855
-0,06866044
-0,010330319
-0,1807993
0,36687744
0,12761867
0,15392119
-0,18789902
-0,4268381
0,05494702
0,4893213
-0,36502588
0,1916647
-0,47675574
-0,019306928
-0,08756903
-0,18173322
-0,31181234
0,20322675
0,43329495
0,19378656
-0,26101542
0,3737725
0,3010562
-0,16942126
0,14278698
-0,03258601
-0,032847494
-0,36415812
0,15405095
0,1274122
-0,034217924
0,17985898
-0,45976573
0,37061286
-0,1484443
0,43237358
0,13827479
-0,07093972
0,038925827
0,24750894
0,19382018
0,4073273
0,29038906
-0,20627439
-0,021879405
-0,3895049
0,058950484
-0,4897402
0,18845314
-0,41700077
-0,43058005
0,26357186
0,043875158
-0,13081348
-0,02869907
0,089873314
0,3755365
-0,003451854
0,36032444
0,2652501
-0,40929934
-0,49025133
-0,057615012
0,20958167
0,42393225
0,060643613
0,3438912
-0,23049209
-0,026781827
-0,47627223
0,0026547909
-0,40424195
-0,03273177
-0,40233743
-0,057755798
-0,40901375
-0,36707413
0,37883937
0,21738094
-0,05850634
-0,40524182
0,47230184
-0,39273375
-0,0013555586
-0,3046445
-0,4308995
-0,07271758
-0,32075465
0,12639123
-0,01732701
0,16231793
-0,209346
-0,23552108
0,2533388
0,019180834
0,014591634
0,3253634
-0,14742216
0,3633871
0,36040515
-0,20383075
-0,219109
0,35000247
-0,1747671
0,08234042
0,39177382
0,49024826
-0,027084917
0,48517185
-0,0016172528
-0,16303957
-0,23740333
0,27407277
0,3000118
0,2710573
0,25447536
0,15815943
-0,14369056
-0,16616121
0,26338726
-0,16965973
0,48615652
0,36840647
0,030655146
-0,2537993
-0,49547035
-0,27476805
0,020139396
-0,4161567
-0,20403999
-0,16882557
0,30566603
-0,029027313
-0,17019787
-0,16400313
0,12387216
0,49808174
0,117657125
0,2972408
-0,4702697
-0,11378041
0,45586753
-0,23649192
0,2543028
0,49444824
0,045475602
0,060813665
0,10096282
-0,032963097
0,16782618
0,27838886
0,3329779
-0,07490462
0,2751357
-0,16031584
0,1671955
-0,038230717
-0,07353166
0,34303892
0,44740373
-0,06481379
-0,37265757
-0,19133204
-0,16020864
0,13227355
-0,4668726
0,2014836
0,07538521
-0,37212756
-0,030160517
-0,44113567
-0,17353156
-0,12290621
-0,36497557
-0,04848948
0,2860223
-0,03132409
0,46471077
-0,106239825
-0,31345108
0,46584016
0,24283195
0,32577962
0,2074449
0,1909672
0,14470828
0,311666
-0,34662312
-0,021713287
-0,42222434
-0,46812627
0,41497844
-0,36890084
0,26009023
0,4192565
0,46934402
0,3504672
-0,49409425
0,11812317
-0,30963916
0,36409146
0,3031789
-0,38265145
-0,046215743
-0,24958873
0,23798925
0,21330416
0,08084893
0,07420069
-0,41856316
0,17726916
-0,16464818
-0,110696584
-0,14878494
0,32241607
0,25145286
-0,09879023
0,17352682
0,41845918
0,48883742
-0,40351802
0,39994884
0,014454007
0,17458737
0,25242358
-0,4186629
-0,22081551
-0,44962102
-0,16658822
-0,4591618
-0,22350276
-0,0024582744
0,3203804
0,36736423
-0,0031808019
0,07469821
0,045656025
-0,29538846
0,22711515
0,25551635
0,24448085
-0,39572626
-0,11712906
0,20704979
0,12206161
0,07628989
0,33039838
0,4433751
0,18514937
0,042367637
-0,45008063
-0,23070902
-0,06224236
0,26553708
0,087661445
-0,3418875
0,04024625
-0,21130365
-0,110156894
0,16670758
-0,3572113
-0,0005915463
-0,46941957
0,39552224
0,38410336
0,45480543
0,10601634
-0,110393375
-0,30734506
-0,1603995
-0,37757856
0,32791734
-0,06883332
0,25042492
0,0033080578
0,20439208
-0,23226893
0,0766716
-0,07134274
-0,3684411
0,42082018
-0,36973095
0,35856533
0,11596382
-0,17510515
0,2356078
0,48689508
0,15354156
0,44699174
-0,40603402
0,42745954
-0,47686294
0,1715185
0,2540303
-0,3767005
0,1662401
0,16894442
0,12065506
-0,09439817
0,24144804
0,3243153
0,2729482
-0,024811298
0,10357916
-0,39135054
-0,3771255
-0,10823324
-0,29050234
-0,21165922
-0,3777519
0,31226486
-0,06782049
-0,4061774
0,24087095
0,3838479
0,451528
0,2016012
-0,32376927
0,40090388
-0,062999666
0,02692318
-0,3714581
-0,472531
-0,15477082
0,05585617
-0,3497299
0,12679172
0,49513447
-0,31847364
0,12332535
0,1318425
-0,18301311
0,051049173
-0,019870907
0,46604365
0,14318854
-0,42464936
-0,30577818
-0,3854927
0,45036095
0,16695303
0,22447723
-0,08275822
0,04252988
0,07937628
-0,3380021
-0,10645956
0,44055033
-0,06028062
0,48435253
-0,10077512
-0,36840415
-0,020109057
0,28910935
-0,03534788
0,31330055
-0,30061835
-0,023992002
-0,0059642494
-0,34378937
-0,45441222
0,33659065
0,151797
-0,013704896
-0,03220457
-0,026726395
-0,17923784
0,382024
0,41001207
-0,15387785
0,19169492
-0,24919409
-0,19259053
0,19143522
0,26055497
0,045077264
-0,44781995
-0,074867845
-0,21185645
-0,29305202
0,4587444
0,2881614
-0,37333316
0,21871662
0,28809112
0,29893243
0,28266734
-0,044562995
0,23598742
-0,4963582
0,45890063
-0,14347479
-0,11995217
0,16449922
0,45325273
0,04890573
0,18750751
-0,3068282
0,102512
-0,28232062
0,09779799
0,06753731
-0,27903402
-0,4975102
0,2637121
-0,49776286
-0,13632956
-0,30352962
0,2561698
-0,31095928
-0,20965973
-0,09975904
0,18981296
-0,47682
-0,1582346
0,48562557
0,41251463
-0,41872638
0,3730269
-0,27205426
0,21534115
0,11984229
0,3644393
-0,41448382
-0,40218708
0,05089414
-0,043548286
-0,22829553
-0,35359055
-0,29680908
0,40141648
-0,10562655
-0,27405223
-0,35407883
-0,49525106
0,020061791
0,2358495
0,36611646
-0,36692402
-0,42861673
-0,19306642
0,4963103
-0,27370295
-0,49523348
0,1063717
0,14087808
-0,1617871
0,4926687
0,26962322
0,2702561
-0,3387407
0,2793036
-0,15883258
-0,19417691
-0,49442047
0,14948624
0,3202505
-0,26759046
0,27681875
0,15613997
-0,048443288
-0,40756202
0,23216134
-0,38179243
-0,28508544
0,2405141
0,2059688
0,04412937
0,24994302
-0,15428329
0,21689957
-0,43411672
-0,2635584
-0,43732905
-0,25503612
0,47008044
-0,4463743
-0,13947025
-0,2677578
0,065723896
-0,42926767
0,2909013
0,07801819
0,44991302
0,44285113
0,45304275
0,0831365
0,4595906
-0,3804771
-0,33456004
-0,25988704
0,25584817
0,30626953
0,3697464
0,2464742
0,2635826
0,4569335
-0,18706137
-0,050782025
-0,35769495
-0,346503
0,41138476
-0,12456924
0,08736515
0,43836194
-0,34360737
0,2856214
0,076527834
-0,40946314
-0,32805526
-0,08810854
-0,041576833
-0,014562041
0,2748748
-0,49232793
-0,27589443
0,2707216
-0,015855521
0,043446183
-0,088635474
0,25768477
0,253811
0,12062067
-0,34992465
-0,48612493
0,15559065
0,31642365
-0,14503828
-0,31239405
0,33646125
0,14097571
-0,4621007
-0,023427367
0,03447765
0,2096399
-0,4557599
-0,20994478
-0,17829797
-0,2965517
-0,29622364
0,08009684
0,25496656
0,16454446
-0,0522238
0,38568634
-0,3048477
0,047315598
0,23124224
0,38747
0,010642767
0,065556645
-0,34997192
0,0031306148
-0,07331076
0,09076297
0,1735797
-0,4786628
-0,41467804
-0,49393767
-0,37077564
-0,018371671
-0,14728245
-0,02303961
-0,0008479655
-0,28505945
-0,24616691
-0,13993749
0,04051453
0,41724002
-0,21756798
0,17363155
0,3700177
-0,17921808
0,19423276
0,21903282
0,35409105
-0,41961655
0,17709005
-0,33266443
0,10855466
0,41048855
-0,32074708
-0,3376415
0,39643127
-0,047626585
0,34326804
-0,45371
-0,19144478
0,26760226
0,056137502
0,05066991
0,41495293
-0,41618836
0,34168166
-0,48470578
-0,103336066
0,2326976
-0,38382924
-0,051680684
0,22998458
-0,08605936
-0,28519657
0,050085664
-0,09275177
-0,12353942
0,26426768
-0,28542122
0,03181994
-0,44717103
-0,043437928
-0,055881917
-0,09679037
0,16668284
-0,19187218
0,49997574
0,047433853
0,25325048
0,08878571
0,15606493
-0,39410716
-0,3605517
0,30734915
0,24782795
0,2965222
-0,36155024
0,210455
0,40416825
-0,1716077
0,12952554
0,062435567
-0,03574896
0,23254305
0,14938855
0,36219257
0,3590083
-0,025919288
0,16442734
-0,45702043
-0,45849982
-0,13062823
0,14563209
-0,32166862
0,26269943
-0,052117825
0,27644467
-0,16209102
0,13769472
0,3829956
0,018151402
0,3559729
0,3387251
-0,15913287
-0,013975352
0,31767023
-0,14359999
-0,10687083
-0,2160947
0,23727012
-0,00088205934
-0,47417533
0,3287781
-0,32565475
0,039993644
-0,45412093
0,4370398
-0,23700488
0,1779148
0,39975733
0,12464297
-0,48271725
-0,20385352
-0,16810897
-0,44088724
0,224644
-0,08436778
0,0851593
0,24349421
-0,38727918
-0,4084006
0,4527452
-0,04387772
0,35283524
0,23868108
-0,3962937
0,37054372
0,15313685
0,034293413
0,33492756
0,3066185
0,48123085
-0,33681792
-0,26528972
-0,17290238
-0,13141134
0,30135375
-0,27742434
0,113521755
-0,08260691
-0,40219796
0,43254286
0,28184783
0,43461448
0,13761485
0,06872064
0,10105395
-0,1858843
-0,1498403
0,39652532
-0,4500805
-0,017145455
-0,48338652
-0,49240366
0,41591007
0,047308087
-0,18959391
-0,26995763
0,2939375
0,13471031
-0,045303077
-0,3742491
0,10355878
0,12566096
-0,07238695
-0,2540242
-0,30382162
0,40650785
-0,16720706
-0,39853185
-0,21565521
0,10947728
-0,14857364
-0,19766536
0,28617156
0,039672434
-0,36759794
0,32716423
0,26137692
-0,060293764
-0,20725173
0,33575904
0,20480222
-0,49865943
0,43632448
0,4047618
-0,12576556
-0,32400018
-0,33219075
-0,14222059
-0,017891884
0,11505395
0,38409072
-0,29371965
0,27994102
-0,32935417
-0,20010558
0,38130444
-0,120844156
-0,107230574
-0,39451423
-0,094641
0,3459329
0,4866101
0,31077313
-0,16426241
-0,25732964
-0,37304688
-0,4869688
0,07366592
0,36378533
0,46602035
0,029080749
0,47768003
0,027332783
-0,19277233
-0,08547324
-0,4301151
-0,4616498
0,37546772
0,34829074
-0,104741484
-0,4503653
-0,24063903
0,18463415
-0,25140277
-0,22347453
0,2776509
0,27590883
0,4343965
0,04617715
0,06090069
-0,02611804
0,07288337
0,0041026473
-0,23551458
0,008169413
0,21549904
0,43575877
-0,47840723
0,071632385
0,31480235
-0,083581954
-0,020157129
-0,33071604
-0,04741946
0,40843588
0,46872157
-0,18406671
0,08196312
0,24414128
0,039273202
-0,27673906
0,48968166
-0,4224071
0,3976664
0,39583367
-0,09316048
0,47561997
0,06327236
0,34655154
-0,42898884
0,48394853
-0,40515238
-0,29222953
-0,07386589
-0,15762427
0,07575852
0,31939632
-0,24404296
-0,17256984
0,048457146
-0,06642571
0,0042319894
0,027796209
-0,29202953
-0,04250756
-0,099646986
0,3254786
0,21290499
-0,12099302
-0,24263006
-0,38684872
0,26316106
0,3203671
0,005482316
0,49210048
-0,16052741
0,3517986
0,2940157
0,08350009
0,14492667
0,3328702
-0,28309083
-0,32391298
0,35598463
0,3306707
0,31783897
0,17809314
-0,09236032
0,20827866
-0,28198826
0,459108
0,13419414
-0,42032722
-0,17249238
0,18868637
-0,19064018
-0,11658779
0,41798925
0,33375806
0,37962562
-0,32760257
-0,27468926
0,16354948
0,22182983
0,37077832
-0,053108424
0,009267032
-0,48072582
0,2634083
0,002704978
-0,26082814
0,25547165
-0,49186233
-0,34847617
0,12525523
0,0706324
-0,44232604
0,43844354
-0,46640772
-0,13880149
0,40475333
-0,30392754
0,1025905
-0,3967812
-0,20721391
0,23637104
0,10533756
0,40882576
-0,2086358
-0,32937342
-0,49681565
-0,103218555
-0,09685519
-0,05874014
0,40313756
0,18219769
-0,49446923
-0,045883477
-0,3803901
-0,14612567
0,4943034
0,22882861
0,3560382
-0,15587345
0,30914629
0,11717957
-0,3144887
0,066271245
0,31482702
-0,22448254
0,16687572
-0,22503439
-0,014428973
0,22564673
0,33870554
-0,2326423
-0,4695232
-0,2689705
-0,40009904
-0,31599855
-0,19716424
-0,07878518
0,14723927
-0,13263041
0,27781194
0,3537429
0,40836036
0,2609536
0,35022742
0,25539416
-0,17298794
0,48941696
-0,2974713
0,17669147
0,42757547
-0,19170451
0,016587913
-0,011944711
-0,17879355
-0,27051532
0,09496415
0,44163138
-0,01652199
0,05665797
0,35820037
0,34147656
-0,13459092
0,35684466
-0,0006314218
0,46664858
-0,36422104
0,15417242
0,2840265
0,38657242
0,06115365
0,33691943
0,4103561
-0,4721879
-0,37275758
0,48305148
-0,4081647
-0,066643625
0,38977295
-0,15848598
-0,35222915
-0,32572633
0,10471994
0,271245
-0,054610014
-0,121383816
-0,113870084
-0,067070395
-0,12442428
-0,30222535
-0,22152576
0,15620512
-0,10733998
-0,16698292
-0,23973846
-0,47005862
-0,3172228
-0,26115698
0,13077873
0,069835186
-0,20085683
0,12502664
0,17111737
-0,22491032
-0,4085664
-0,28219217
-0,30469766
-0,15592241
0,46747655
0,45743233
-0,31674835
-0,29978245
-0,02356872
0,30296057
-0,09320438
-0,49717167
0,038504004
-0,49859956
-0,35358292
-0,4935495
0,48998493
0,05752808
0,32882744
0,065939724
-0,2332862
-0,30889124
0,046931088
0,12232083
0,40190917
-0,18886214
0,32997566
-0,22341695
0,3696583
-0,23918045
-0,2806404
0,24408388
-0,11796668
-0,008411914
0,03384465
0,095748246
-0,3063847
0,12495792
0,33487797
-0,23050427
-0,41786376
0,4154545
0,37839383
-0,3006629
-0,3639798
-0,018566042
0,11453265
-0,14482346
-0,30767012
0,08806503
0,11351955
0,042927682
-0,22659472
0,25284326
-0,47310856
0,26860738
0,45319688
-0,32723978
-0,27623647
0,22073019
0,015403569
-0,227247
-0,3487724
-0,4089925
0,2009486
-0,13715497
-0,37567788
-0,33887964
0,18734479
-0,004099548
0,28602493
0,23147982
-0,44979373
-0,47716942
0,4854765
-0,13586393
0,29491377
-0,47039786
0,021418273
-0,38655195
-0,35409898
0,43745345
0,19348258
-0,034632742
-0,20708379
-0,30247906
-0,12571695
-0,10523701
0,4377578
0,29350412
0,29981583
-0,35146487
-0,36522394
-0,13469622
-0,26140693
-0,2738529
-0,27511486
-0,12549025
-0,18118715
0,24557537
0,47387618
-0,09183207
-0,28206292
-0,08422923
0,030997574
0,14924699
-0,09411505
-0,22599098
0,28857094
-0,35951045
-0,06870949
0,00081318617
0,15720874
0,19689095
-0,47427034
-0,45196056
-0,07733601
-0,06584349
0,11189073
0,10374701
0,31684732
-0,35956833
0,28764677
-0,23257047
0,36484444
0,4453478
0,27173996
0,14731783
-0,08733103
-0,45622605
0,48108757
0,056447268
0,061881304
0,44562852
0,4286617
-0,18893984
-0,48812437
0,20409453
-0,24279171
0,43231475
0,037588477
-0,3906333
0,16642416
-0,00223732
-0,31339458
0,03646177
-0,048344284
0,06314969
0,39179033
-0,28951755
0,28135163
-0,47127718
0,34943032
-0,14512476
0,06421471
0,48759526
-0,022620589
0,3897434
0,32939303
0,051541984
0,030704677
0,0011811852
-0,15586156
0,1992144
0,2781996
-0,024935275
0,1300146
0,29833537
0,19484341
0,3496495
0,44396263
0,39132577
0,49528122
0,078350306
-0,105575174
0,13910413
-0,2700445
0,3780476
0,0340693
0,09233236
-0,48278728
0,10961956
0,03388822
-0,07393733
-0,21072498
0,37299514
-0,40397495
0,31816155
0,45404965
0,3338977
-0,14441177
0,44873452
0,019243956
-0,11021295
0,17130554
-0,39298534
-0,22465539
0,082799256
0,11487579
-0,091903985
0,06962043
0,47879893
-0,37620214
-0,16315997
0,023250699
-0,103901565
-0,3791567
0,2194485
-0,421193
-0,19059613
0,43793643
0,22625214
0,23870856
0,023691297
0,2851202
-0,24222472
-0,13254815
0,27929336
0,018852174
-0,118557125
0,34015095
0,30628753
-0,17891356
0,16926992
0,295331
0,36318588
-0,40854627
-0,19133082
-0,3723704
0,012057424
-0,085951954
0,14541423
-0,42901516
-0,28504464
-0,3745014
0,08234954
-0,22119218
0,31949443
0,3545491
0,046091437
-0,40626565
-0,19729978
-0,4192929
0,059749007
-0,33084935
0,37335062
-0,20440692
0,39244825
0,04913944
-0,48935807
0,40686423
0,01718241
-0,18204272
-0,22503534
0,011039078
-0,13946405
-0,46264905
-0,47166708
0,088875234
-0,4616164
0,10277516
0,27044302
0,42526668
-0,46280086
-0,30528337
-0,4758659
0,36243337
0,07109034
0,10398638
-0,14611652
0,31102276
0,0018684268
-0,17180958
0,45180857
0,007536471
-0,24138561
-0,28675342
0,044639587
0,11457336
-0,25021553
-0,08046287
0,27299446
-0,22785673
0,14842665
-0,027303755
-0,12574232
-0,36230803
-0,06958738
0,44476295
-0,4218043
-0,32156485
-0,47732922
-0,43955803
-0,4954062
0,07692921
0,10427582
-0,02722463
0,32749963
0,1311329
0,01746279
-0,111130595
-0,061255723
-0,11175048
0,48250252
-0,19312543
-0,19043827
0,44838876
0,40741986
0,38726574
-0,4071039
-0,3682115
-0,019978583
0,4223417
0,14420295
0,2993695
0,22251362
0,24225873
0,16955084
0,26231158
0,38855666
0,33867633
0,1746313
0,16209364
-0,12452033
-0,32498503
-0,43472356
0,07821441
-0,29799378
-0,38801038
0,42501116
0,20579821
0,20436585
-0,021708459
0,29698277
-0,3454287
0,013033032
-0,38151103
0,35571808
-0,31591174
0,16578275
-0,2714281
0,26477152
0,40579212
-0,25970817
-0,035625726
-0,3525136
-0,08565611
-0,3666457
0,34366536
0,1876787
0,3000095
-0,42765293
-0,28141546
-0,28972352
-0,3773167
0,035769522
0,24536097
-0,30609912
-0,07111254
-0,18944487
-0,35161915
-0,15757519
0,22597343
-0,4033413
0,08787602
-0,48216948
-0,04056719
-0,23488343
0,24902505
0,43231195
0,2590255
-0,4376403
0,2284429
0,14482772
-0,3112055
-0,42630512
-0,06823394
0,15486342
0,47695702
-0,20613962
0,13307685
-0,20133385
0,3608138
-0,1527749
-0,20875904
-0,22096586
0,4271475
-0,3523541
0,0177297
0,06284505
0,38165492
-0,39840415
0,35542315
-0,2595321
-0,2326197
-0,035491943
0,23902541
-0,4386804
0,23343283
0,20523703
-0,2042208
0,43334246
0,069778085
0,24592698
-0,24911833
0,34417927
-0,100637585
0,43194515
-0,05720356
0,034424126
0,10944128
-0,18724483
0,38936102
-0,20792842
-0,4542191
-0,11728254
0,07508665
-0,20684385
-0,4247172
-0,29720134
-0,07464695
-0,39623207
0,41568315
0,46304643
0,4570341
0,34124976
0,36941725
0,11467308
-0,051257342
-0,37434208
0,26526463
0,43604618
-0,18551749
0,1327545
-0,28945312
-0,27887774
0,306356
-0,081148714
-0,20283943
0,25414616
-0,10496247
-0,2372806
-0,48352355
0,2608698
-0,47673732
-0,44035646
0,028278232
-0,3139748
-0,4859773
0,4433155
0,027312696
0,21691966
-0,43660885
0,2668212
0,20064187
-0,4480792
0,26884067
0,4422438
-0,18322372
0,07519293
0,09221685
-0,2869864
0,41312635
-0,32066494
-0,31856528
-0,27473474
0,14429235
0,32082993
-0,021767646
0,23983335
0,26274765
-0,09188563
0,31140435
0,49569237
-0,21399927
0,40951616
0,28713793
-0,37369153
-0,14461362
-0,38763815
0,15504533
0,29368234
0,0031471848
0,13388985
0,39991337
0,06477898
-0,29086012
0,45027757
-0,44614393
-0,30837995
-0,17893448
0,034095705
0,49785256
-0,2416752
0,19200546
0,08699298
0,05447179
0,27791357
-0,2777656
-0,30970624
0,058635175
0,14794773
-0,029384494
-0,35320574
0,34477025
0,15347135
0,16884685
0,15587479
0,373949
0,20821536
-0,283679
-0,36253697
-0,3527711
-0,06303418
0,010682523
-0,11602032
-0,42738548
0,08133942
-0,030801296
-0,30763215
-0,389902
0,41063172
0,1823678
0,053159654
0,33396983
-0,2850415
-0,4372226
-0,40094152
-0,2849177
0,09690499
0,21463001
-0,22863096
-0,18980643
0,2982458
-0,26031548
-0,31118572
-0,17732382
-0,22190681
-0,33634967
-0,012155443
-0,3910128
-0,08636537
-0,1685127
0,36590546
-0,19686002
0,48061526
-0,21036887
0,13960588
-0,016685188
-0,24063879
0,14270473
-0,4586028
-0,18385309
-0,03584841
-0,24379101
-0,40133816
0,26031184
-0,09631851
-0,41288552
-0,39216122
-0,41448754
-0,0549047
-0,30005175
-0,14446324
-0,06875771
0,26577127
-0,057613105
-0,4063807
-0,494187
-0,021931618
0,13305497
-0,32233247
0,10382134
0,29543167
0,1354059
0,23129249
0,48831052
-0,056336254
-0,38578978
-0,06984514
0,16422492
-0,017494678
-0,030918181
0,16684258
-0,32366216
0,010462642
-0,21239433
0,23886174
-0,3315109
-0,28130323
-0,09176877
0,36173767
-0,351485
-0,36449265
-0,052573174
0,11345172
-0,30849057
0,020475209
-0,27826533
-0,35823303
0,053494573
0,026408076
-0,26443738
0,038396537
0,44035274
0,085004985
0,4882254
-0,058884233
-0,13385737
-0,06870842
0,49661446
-0,19216755
0,24817246
-0,25971192
-0,40305206
0,38890243
0,07496256
-0,38582504
-0,24949616
-0,11217129
-0,13201353
0,023624957
0,26892644
-0,31529534
-0,48662972
0,49312133
-0,032597154
-0,2782389
0,41440052
0,43713802
-0,362544
-0,04643643
0,19151783
-0,39714956
-0,12358087
0,4990679
-0,07949245
-0,32499188
-0,1653167
-0,22506091
-0,12877274
0,16183573
-0,07448226
-0,48749378
-0,060435742
-0,44493112
-0,41790575
-0,094995946
0,15930736
0,49801594
-0,4916986
-0,05015418
0,118632495
-0,37331888
-0,4768927
0,33022302
0,3611284
-0,19288105
0,13366425
-0,23028359
-0,38059476
-0,2532416
0,47486353
-0,43173772
-0,4594501
-0,24527746
-0,17106375
0,0030897856
-0,4974679
0,3268603
0,049990416
-0,34577835
-0,035076976
-0,3078052
-0,064740956
-0,29225746
-0,009425819
0,38519752
0,104478
0,0038352609
-0,2182127
0,48969752
0,034571946
0,4336297
-0,19505271
0,015863836
-0,12605259
-0,4478686
-0,042666793
-0,3978697
-0,07124144
0,35404664
0,115154564
0,09092444
0,19489402
0,4778294
0,43706787
-0,13873333
0,049170375
0,3648587
-0,30678213
0,05684018
-0,24435103
0,067786455
-0,28939864
0,082316816
-0,39225155
-0,044248313
-0,16886246
-0,25184682
-0,31886667
-0,33437788
-0,44158173
0,28155833
0,10753107
0,36730558
-0,056834728
-0,45581874
0,49044907
-0,18383506
-0,37795588
0,24572247
0,06293762
-0,1661666
-0,044909626
-0,3472998
-0,20824754
-0,20604244
-0,12586689
-0,30512708
0,06889343
-0,008731872
0,30671912
-0,056860745
-0,33490682
-0,21486717
-0,30209357
0,27086878
0,46437097
0,40139323
0,056609035
0,11764413
0,4670294
0,33061874
-0,4043514
0,30445164
0,12052196
0,35704792
0,12208611
0,06503379
0,43932807
-0,30744714
0,36767846
-0,19748887
-0,093245625
-0,43441328
0,31254238
-0,47491416
0,20376766
0,40388614
-0,23176679
-0,21111476
-0,31373346
-0,15743583
0,44189596
0,17231506
0,4260128
0,14852214
-0,29086107
0,25035173
0,3492306
-0,045299143
0,41188473
0,12174505
-0,12350756
0,27096808
-0,38854098
0,05063778
0,1327191
0,30913216
-0,39730173
-0,011656493
0,45645636
-0,21950763
-0,35091466
-0,28194082
0,33842945
0,48557985
-0,28479397
0,2001071
0,014166832
-0,10089633
0,12506771
0,21117157
-0,29860646
0,3213641
-0,18944183
0,4907478
-0,007707864
0,2947526
0,4670654
-0,39408302
-0,32821828
-0,39155984
-0,191915
-0,056620568
-0,048710823
0,08305848
0,0053523183
0,014904618
0,119143605
0,22891718
-0,23408568
0,09010744
0,18113214
0,35147047
-0,44676307
-0,21976697
0,11094278
-0,22076604
-0,17762056
0,14959079
-0,20741966
-0,16150376
-0,30293757
-0,35915965
0,35401243
0,11325252
-0,4996404
-0,03808278
0,4722885
0,3545022
0,07174075
-0,40006247
0,4320023
-0,28380412
-0,2698545
-0,49562573
-0,3480393
-0,0022304058
0,2097922
0,3428995
0,066347
-0,393374
0,32853907
-0,4692249
-0,21649283
-0,068499595
0,39796537
0,45076007
0,14963078
0,46560365
0,30118692
0,2710914
0,41679436
0,25268364
-0,07612598
0,17879748
-0,024494886
-0,07672933
0,28777742
-0,07235983
-0,027844757
0,49612606
-0,08083975
0,48629844
0,4278137
0,3288713
-0,124049604
0,09593123
-0,3237187
0,38563228
-0,27394766
-0,12807927
-0,07329592
0,49132246
-0,48768085
0,23734766
-0,151075
-0,30605948
-0,26741952
-0,34317178
-0,41941956
0,4261108
-0,33456653
-0,32875186
-0,3967168
-0,12150434
0,038002014
0,003319621
0,15835005
-0,44040304
-0,23351803
-0,3347589
0,1341114
0,390343
-0,13733679
-0,0054757893
-0,2910521
0,13312072
-0,36440673
-0,45052582
0,23720175
0,22946388
0,09700632
0,36851764
-0,34350324
-0,3281353
0,19541806
-0,21263242
-0,4693336
0,20566183
-0,47112152
0,44790208
-0,11772719
0,21156359
-0,16557139
0,368554
0,26844007
0,35728425
0,433338
0,334647
0,056411088
0,20523441
0,30287492
0,3665614
-0,31743568
0,48848385
0,39054388
-0,078127354
-0,1475327
0,49248528
0,06544852
0,41166043
-0,39633608
-0,21388504
0,039539456
-0,47801048
0,04194534
-0,35077965
0,12138426
0,38682687
0,13003486
-0,33242714
-0,44629103
0,35388225
0,04486084
0,40958232
0,05250728
-0,083370626
0,010357082
0,49712974
-0,41332906
0,10337114
0,02400738
0,014307022
0,15353519
0,17263001
0,025419593
-0,2152054
0,054881692
0,4013719
0,05802834
-0,053706825
0,12900311
-0,33709833
0,41615582
-0,39175925
-0,3191544
0,34110576
0,20107442
0,22448069
-0,13622183
0,16488189
-0,39039415
-0,17290851
-0,048724055
0,47873926
0,100402296
-0,41914028
0,17009139
0,40054858
-0,11834797
-0,052358627
-0,38703096
0,015576899
0,36431617
0,119445264
0,40526414
0,21577388
0,43276274
0,4848107
-0,28207305
0,22948956
-0,22883561
0,36518604
-0,009340376
-0,32795513
-0,15699908
0,3087647
-0,49366266
0,008899808
0,3751331
0,2944178
0,15342641
-0,081640005
-0,44260758
0,4637742
-0,27405196
0,049820006
0,34739685
0,46935588
0,20238692
0,4888038
0,23569673
0,4071477
-0,123177916
-0,06868288
0,03581357
0,48402894
0,23266447
0,03964573
-0,040703535
-0,45464924
0,43821907
0,022529125
0,27365875
-0,03538099
-0,4607415
-0,104292154
-0,36992747
0,27235538
-0,4619261
-0,034793347
0,2985893
0,10753918
0,22096717
0,33910787
0,24224049
0,42021096
-0,34985983
0,121760845
-0,050354242
-0,12872663
-0,49311402
-0,06444919
0,21714175
0,3507262
-0,34744877
-0,41133702
0,27676076
0,06189388
0,3543483
0,45824146
-0,0010564923
0,495448
-0,2427502
0,024508953
0,13576561
-0,49407324
0,36740327
0,34208977
0,44668603
0,14159942
0,36100876
-0,4236572
-0,14739498
0,21039861
-0,25637043
-0,25616544
0,1816799
-0,1949766
0,04841709
-0,19486186
0,19114882
-0,30946007
-0,014647961
0,44169092
0,37857056
-0,118489474
-0,113785595
0,32587665
-0,0473848
0,45935786
0,28932983
-0,057878733
0,44430894
-0,24324006
0,091891885
0,040160358
0,21342587
-0,08582276
0,02500087
0,4648717
-0,114922464
-0,32392895
0,31672078
-0,22045416
0,42470294
0,38722885
-0,058725536
0,0010387301
-0,27905458
-0,4982222
-0,35049248
-0,25391376
0,31316626
-0,3820482
-0,40691084
0,029275537
-0,15018281
0,264952
0,20802736
0,14797127
0,30017817
-0,28419518
0,15530938
-0,09278703
-0,021266162
0,48974448
0,0019660592
-0,47775862
0,45658034
-0,30907714
-0,28059822
0,49790382
0,35903704
-0,49573666
0,026256919
0,18855315
0,35789436
-0,06216082
0,073055506
0,45371622
-0,2727156
0,365362
0,31536132
-0,23085883
0,21336585
0,33807343
0,29569602
0,49713695
-0,4950932
-0,20978487
-0,18856785
0,044620275
-0,28177345
-0,029723495
-0,0755319
-0,3592921
0,3199262
-0,2369523
-0,06296772
-0,45752925
0,23354274
0,069553256
0,2763785
0,49782753
-0,19529995
0,04668361
0,029725611
0,17210937
0,39830905
0,061066628
-0,1127547
0,3148911
-0,46007228
0,42968827
0,26330966
0,21638626
0,06327134
0,29558945
0,3705632
0,40456063
0,18757349
0,09864247
0,06089425
-0,4748022
0,37373215
-0,09594071
0,4585551
0,3734755
-0,32125512
-0,20133531
-0,029589534
0,34367698
0,04144293
-0,35242224
0,47438133
-0,08238
-0,049855053
0,068446755
0,08440882
0,31114358
0,44688118
-0,44708276
-0,16841146
-0,22820285
-0,26885217
0,29721713
-0,46554208
0,42503494
-0,18686005
-0,07020372
0,35884666
-0,17981765
-0,32884228
0,3736943
-0,16318002
-0,33890787
0,4535023
0,48646688
-0,012056261
-0,29226175
-0,042965174
-0,3865311
0,034815907
0,27182382
0,31855202
0,11352098
0,23576951
0,3751166
0,48388892
-0,4475881
0,14520651
0,389126
0,15970457
0,29219598
0,09864855
0,44617695
0,040878475
0,22142434
0,14212352
0,3667792
0,39868313
-0,3486465
0,22385132
0,1788125
-0,47591975
0,27461886
-0,040998936
0,22149348
0,21447831
-0,36595917
-0,063940436
-0,16095728
0,16207653
-0,37421903
0,36626023
-0,14924026
-0,12695083
-0,05299151
-0,3439077
-0,3442461
0,10388768
0,28041035
0,34380382
-0,063684344
0,28889263
0,17978984
-0,029629469
-0,25531203
0,40015626
0,21080756
-0,070371866
0,122870326
-0,40176457
0,2601564
-0,12932038
-0,03530222
0,36609262
0,05976528
-0,06836602
-0,19849071
0,4192239
-0,14218405
-0,2851068
0,2202934
0,12588352
-0,17582542
-0,30915463
0,110037565
-0,07349965
-0,29682863
-0,24373138
0,035865486
0,27053428
-0,40392393
0,41758978
-0,45555776
0,47156215
-0,29629362
0,056885242
0,34385782
-0,05218795
-0,41677672
-0,24303392
-0,28877765
-0,2966838
-0,010407567
0,19717109
-0,39439845
0,479259
-0,17302114
-0,40906706
-0,36339986
0,23841655
-0,3100136
-0,033228874
0,40766162
0,41239196
0,080384254
0,09547311
-0,033088237
0,017546475
-0,29867858
0,35753328
-0,15846601
-0,43120965
0,20929539
0,04197663
-0,49735034
-0,31512898
0,13660932
0,15367877
0,21595937
-0,2364381
0,27215368
-0,3409322
-0,29127884
0,30722338
0,41151822
-0,4558425
0,027930856
0,35897928
0,13678068
-0,35850227
-0,3660704
-0,38452232
-0,4612295
0,017422736
0,041973174
0,11201328
-0,48912513
-0,39874244
0,003740728
-0,18739733
0,1727367
0,22592425
0,14151442
0,41010654
-0,3756327
-0,31859577
-0,263641
-0,4217771
0,016613662
-0,08595115
-0,09127101
0,4263841
-0,15862337
0,498982
0,17052227
-0,49484378
-0,22189692
0,274759
-0,27608496
0,12151545
-0,10098106
0,29447943
-0,23398462
0,072735965
0,45175278
-0,4706036
-0,2540168
-0,27933085
-0,48592448
0,06232375
0,18601239
-0,2409474
-0,35297656
-0,24414948
0,03862053
-0,1352404
0,14462239
-0,031683117
-0,29331532
0,3435595
-0,43061137
-0,12865537
0,047615826
0,28711486
-0,2988064
-0,03993541
-0,4136756
0,28615952
0,17700648
0,49851066
0,014360607
0,21232587
0,037383437
-0,08758661
-0,19126895
-0,13752154
0,078615725
-0,15227625
-0,38822332
-0,3588186
0,3331681
0,112104654
0,35599315
0,45800656
0,14596665
0,17915791
-0,18234941
0,16675526
-0,17019948
-0,42014956
0,47087866
-0,057192802
-0,17983031
0,47580498
-0,3474746
0,23894525
-0,06817162
0,32814217
-0,1282365
0,24582553
-0,06730473
-0,49372768
-0,46620294
-0,45912972
-0,47753367
-0,020715386
-0,0036460161
-0,35319313
-0,13528886
0,09848535
0,26776975
0,49396002
0,14948708
-0,13754189
-0,33075815
0,18432277
0,3664351
-0,15106633
0,4641189
-0,31549057
-0,009890735
-0,42715558
-0,17534143
0,48993015
0,16515803
0,19539493
0,29206383
0,2901191
-0,38240236
0,13493723
-0,43926638
-0,21710935
0,13839823
0,3679011
-0,18584716
-0,28254014
0,16022676
-0,11833367
0,107049406
-0,25953984
-0,42406324
-0,20417088
0,10302961
0,28806496
0,38778973
0,0051500797
-0,3424828
0,08858651
-0,35615295
-0,1090194
-0,107052475
-0,37616783
-0,15184012
-0,034945995
0,4067011
-0,2910211
-0,09285405
-0,49624082
0,22800153
-0,18444845
-0,4408138
0,011121392
0,32080185
-0,23313686
-0,011245012
0,24154615
-0,046009958
0,3125505
-0,36072218
-0,029362172
0,12949932
-0,4859478
-0,40729356
-0,293026
0,42781496
-0,35769415
0,0446043
0,15793544
-0,11094108
0,49080127
0,47059774
0,19820595
0,4345845
-0,18940002
-0,47769383
-0,30757952
0,24562156
-0,24857044
-0,1418728
0,48693812
0,39093035
0,3467574
0,37547356
-0,029295236
0,32181716
-0,027178556
-0,2465885
-0,030782074
-0,28569943
0,18508041
0,17903489
-0,017876118
0,11277574
0,3608392
0,13389206
-0,26490617
0,19315344
-0,3668868
0,3165524
0,14397234
0,02419597
-0,08901858
-0,36004004
0,1555115
0,20711142
-0,46310493
-0,22613496
0,4923808
-0,40496588
0,40292138
-0,29372525
-0,49013704
-0,14343381
0,16485637
0,42521006
0,08421749
0,33348846
0,08965188
0,42184854
-0,10812983
-0,41972822
-0,453387
-0,03310141
0,31948578
0,110981226
-0,060215056
-0,4434658
0,48603964
-0,19010139
-0,36057043
0,27379042
-0,2565495
-0,23892736
-0,3148961
0,37267816
0,04564351
0,291233
-0,06949639
0,44248837
-0,42921636
-0,1828163
0,43152195
0,3869943
0,3993683
-0,41225404
0,081860244
-0,099322855
0,056268513
0,0422768
0,49733597
-0,3960032
0,089191794
0,2390036
0,42179036
0,02910471
-0,43635705
0,17971873
-0,115650415
-0,2747261
-0,27170116
0,21339786
-0,17288229
0,03278309
0,3748951
-0,3227685
0,13470328
-0,40261346
0,4590252
0,27868605
0,4321944
-0,031296343
0,34122658
0,032425344
-0,032711446
-0,399657
0,20331758
-0,044329792
-0,07682806
-0,21709323
-0,27158052
-0,24348891
-0,33390713
-0,04077068
-0,25808454
0,38457727
0,02809465
0,42559797
0,07214135
-0,3247975
-0,11789337
0,37225777
0,0717352
-0,35655522
0,445957
-0,39862758
0,28064555
0,44067496
0,1155445
-0,21006426
0,481431
0,23898846
-0,077399075
0,43561047
-0,020801544
-0,17549208
0,34809512
-0,48409936
-0,17817163
-0,11613178
-0,42445323
-0,29526246
-0,12467322
-0,13742495
0,29197836
-0,43995902
0,23375612
0,4024012
0,3738135
-0,14380145
-0,46368757
-0,14488885
0,26400048
0,49587262
0,18550986
-0,12557179
-0,3898235
-0,037389874
0,27974516
0,34179324
0,13931793
0,24487579
-0,2797936
0,36974013
0,4133156
0,31500328
0,008057475
-0,26512632
0,14428765
-0,15259519
0,0819028
-0,4968576
-0,4814273
-0,24250185
0,3857255
0,2895835
-0,14490932
0,22471386
0,09554583
-0,31878787
0,2082544
-0,18683288
0,4613428
0,24627858
0,19842619
-0,24283618
-0,42428586
-0,41876066
0,19691998
0,44536215
-0,048351973
0,37024784
0,20009589
-0,11911896
-0,08358663
0,3429826
0,32086194
0,1321491
0,43362838
0,18419957
-0,16955349
-0,105087996
0,09678435
0,33567202
0,2009092
-0,22644717
-0,11731705
0,16487825
-0,32400224
-0,02431184
0,09528887
-0,2361387
0,29706246
-0,48335895
