125
20
-0,27514675
-0,20387173
-0,41679272
0,38889182
0,14548254
0,4176191
-0,18829602
0,39250803
0,31952137
0,11974549
-0,069202274
0,29770893
-0,110494405
0,4596355
-0,24598911
0,14353335
-0,3533954
0,20270425
-0,43188044
-0,46692598
-0,36098588
0,29886794
0,40817493
0,038116634
0,1817357
0,26982576
0,14211136
0,44517124
0,07704347
0,38112146
0,046941876
0,43524176
-0,41306165
0,0949375
-0,43182254
-0,005043477
-0,23232141
0,17201298
-0,14309081
-0,2593025
-0,22010264
-0,06542614
-0,10002163
-0,2319256
0,08194113
-0,18306684
0,4999302
0,33668864
-0,4016232
0,076355696
-0,17928898
0,3388548
0,336967
-0,0005271733
-0,40976962
-0,27567545
-0,0750106
-0,16166988
0,08511925
0,39786518
0,34729993
-0,27327776
-0,051707745
0,4761145
0,18131709
0,006488025
0,47445446
0,44450003
-0,096475184
0,039738476
0,33823943
0,44508332
-0,13101935
-0,18501738
-0,043466598
-0,38949373
-0,013131291
-0,03807193
0,07920009
-0,43505782
0,03332317
-0,36024016
0,3747186
-0,017997772
-0,30032858
-0,43137813
0,021805644
-0,021445364
0,2281
-0,45558554
0,22998446
0,49432158
0,36734164
0,25956947
0,39711082
-0,20293126
-0,40248558
-0,18848157
0,07014513
-0,43239662
0,24940437
-0,38948572
-0,120547265
0,2557013
-0,005475819
-0,2957017
0,45215547
0,1677196
0,32745922
-0,038321853
0,14246881
-0,13021663
0,49360228
-0,38222793
0,35624695
-0,16809762
0,2603932
-0,22915846
0,42750645
0,047462463
0,47659242
0,4435429
0,30499595
-0,19371265
0,46189517
-0,28142226
-0,448203
0,16275144
0,26931703
-0,40836096
0,1134935
-0,2222836
0,42394233
-0,22325486
0,1291514
0,14166784
-0,17083964
-0,31204608
0,29081815
-0,15572798
0,018608928
-0,4384093
0,28208762
0,24853963
0,18498528
0,4877481
-0,36940467
-0,24282032
-0,09082702
-0,26556715
-0,2514935
-0,06255081
-0,15118822
-0,42513922
-0,016021699
-0,2613677
0,0030744076
0,09864515
0,041188538
-0,030180395
0,3535133
-0,47129434
0,12562507
0,1392309
0,18678218
-0,28043896
-0,4893991
-0,014968425
0,06918925
-0,34600806
-0,20017615
-0,3906284
0,093553305
-0,31430864
0,09225947
-0,26242778
0,31469017
0,24926305
-0,2193892
0,26017058
-0,041838795
-0,007772267
-0,1014466
0,4708894
-0,12727955
-0,46728587
-0,4975851
0,2307105
-0,16201568
0,004065633
0,29354024
0,23048902
0,14948523
0,33073324
0,02044195
-0,28189573
-0,47633567
-0,2023611
0,0022883415
0,36731863
0,3985814
0,23542804
-0,4873223
0,27224517
-0,46489257
0,30885082
0,49057275
-0,18726203
0,19298881
0,041258514
-0,04571095
0,24337947
0,37997985
-0,13174403
-0,43770432
0,047036827
0,0991348
-0,40571737
0,39507967
0,28665423
0,4596606
0,07372254
0,08602977
0,3286656
-0,40761557
0,091869295
-0,24083406
0,2605791
-0,20062271
0,1878261
-0,23757899
0,062035263
0,12766731
-0,09967065
-0,35624745
-0,44468892
0,065558374
-0,07568261
-0,29124144
-0,21119407
0,03907156
0,31466508
-0,45344484
0,36034745
-0,48195523
0,26510733
0,18851322
-0,4045017
-0,036877513
-0,14729884
0,058579087
-0,16695872
-0,1735968
0,07311946
-0,26667756
0,37372965
0,24787146
0,25333756
-0,42760324
-0,28598005
-0,450778
-0,39487064
0,008130848
0,08743584
-0,47736397
0,20491403
0,4532557
0,39496976
-0,17140782
0,2203123
0,021431208
0,45657325
0,24655837
-0,46970278
0,29191166
-0,024616122
-0,096328616
0,07948291
-0,3538226
-0,47192767
0,4420607
0,022195697
0,085586786
0,27931124
0,4176311
0,05749303
0,39440233
0,29362386
-0,23858464
-0,23348409
0,47685784
-0,48444647
0,28420317
-0,25158358
0,46552402
-0,40782765
0,07374537
0,14261848
-0,1493468
-0,48420262
0,46348876
0,0050755143
-0,08602661
0,1705584
0,45457685
0,4576326
-0,15866622
0,46306974
-0,0033067465
0,17385066
-0,14224985
-0,15583518
0,28152418
0,08404362
-0,1623913
0,48534882
-0,33753657
0,24054414
-0,12061268
-0,38193178
-0,18669245
-0,49589458
0,30294704
0,20285743
0,06661117
0,3383177
-0,05884251
-0,48163977
0,0544737
-0,029795378
-0,31411648
0,45070297
0,26684088
-0,31817827
-0,103925735
-0,26745483
-0,22084975
0,29283196
0,040537953
0,45803678
-0,32899848
-0,18886039
0,3970964
-0,45871943
0,36011535
-0,09700641
0,012121618
-0,3295095
0,07612848
0,3843673
0,028760552
-0,00022524595
-0,39244908
0,40806216
0,23962647
0,4979056
0,1728149
-0,088128775
-0,16291863
-0,01576063
0,06996089
-0,35636598
-0,21934405
-0,4106835
0,38184148
-0,13019744
-0,2926584
-0,4354288
-0,14716968
0,064238906
-0,32037646
0,06084156
-0,06818792
0,11889362
0,32564205
-0,25566447
-0,26239896
0,2246682
-0,4378336
-0,08462021
-0,40706575
-0,35220295
0,23064286
0,32420087
0,3245837
0,24530554
-0,31857258
0,34442133
-0,2853949
0,05663836
0,36930996
-0,38716167
-0,18540016
0,35531348
0,34103858
-0,23058355
-0,23003682
0,06561285
-0,2817436
0,024812102
-0,39341608
-0,08978599
0,32345557
0,07893753
-0,04055497
0,27788854
-0,30467588
-0,4731359
0,19055438
-0,15640116
0,42785937
0,2572478
-0,25393754
0,47023106
0,36018312
-0,22334713
0,43788546
-0,21402574
-0,15710035
0,2222721
0,438716
0,24752247
-0,47930002
-0,32748735
-0,07058716
-0,19540143
0,3267687
0,21599919
-0,24463582
0,21634805
-0,03714183
0,41177946
-0,39477888
0,4962229
0,49613255
-0,12677747
0,10487521
-0,43858272
-0,41084063
-0,29488617
0,33746684
-0,38102627
0,436404
0,43068385
-0,057921946
-0,48476425
0,23725933
0,3218788
0,12906092
0,15349042
-0,18479502
-0,22336745
-0,29567212
-0,46679506
-0,3513797
-0,017023385
-0,34316748
-0,07949814
0,41491216
-0,19699964
0,12962729
-0,22347677
-0,08110097
-0,22281638
-0,30408633
0,4632855
-0,22134766
-0,44442195
0,33137536
-0,05273056
-0,28159362
-0,30790505
0,47043896
0,37922847
0,46625286
-0,022330761
0,059580743
0,46726394
0,16378301
-0,3942255
0,071207404
-0,2380758
-0,4819033
-0,35710037
0,022441387
0,031322658
-0,41967195
-0,08404794
-0,19484997
0,37736648
-0,35979086
-0,41059342
0,35440892
0,21103096
-0,4558711
0,057793796
0,03579396
-0,21784568
-0,29072106
0,40658367
0,071127
0,30136955
0,22784245
0,17149061
-0,1803683
0,052571
-0,36874083
0,15995818
0,18899524
0,13945323
-0,05948299
0,39495456
0,29975557
-0,31458634
0,058981836
0,3018539
0,1499139
-0,29397842
-0,44151855
0,011509299
-0,41079313
-0,2299884
-0,13799837
0,096477926
0,08398771
-0,4831674
-0,052907705
-0,47564983
-0,3013364
-0,016456217
-0,10395622
0,32063282
-0,04629308
0,30611187
-0,0005186498
-0,22377303
0,20770687
-0,24069715
-0,376386
0,0016833544
-0,39165875
-0,0049873292
0,24877411
-0,49406052
0,32819873
-0,4384683
-0,18280497
0,36337113
-0,10157588
-0,34739923
0,052901924
0,32072586
-0,046050847
-0,34523526
0,34531718
-0,05638638
0,36895138
0,0089713335
-0,475619
0,391226
0,020629585
-0,291256
-0,2699865
0,43397897
-0,04023555
0,37511325
-0,2457484
-0,29073092
0,16043621
-0,0071136355
-0,38840798
0,1384691
-0,35212338
-0,07415515
0,25542212
0,43154383
0,46281594
0,4671666
-0,1594469
-0,46511602
0,24627286
-0,06106326
0,21222073
-0,005659461
-0,42869934
-0,46509698
0,122489035
0,10009253
0,27507317
0,14819932
-0,03646633
-0,4885005
0,00019609928
-0,23564675
0,038958192
0,39580268
0,4133563
0,023548782
0,2682286
0,035774946
0,34248435
-0,17980358
0,20113456
-0,4789401
0,18203056
-0,3624295
0,34843665
0,21984696
0,4259146
-0,01995346
-0,27555192
0,36989874
0,35453916
0,46323395
-0,35462874
0,19243443
0,33558023
0,22973806
0,48470932
-0,38046148
-0,4235662
-0,22132686
0,0253008
0,40545547
0,42172194
-0,17031163
0,45011336
0,22282767
-0,16213
0,36213273
-0,23019499
-0,32999626
0,14188647
0,20551795
0,2742973
0,31200463
-0,21677086
-0,061939657
0,4640845
0,041829348
0,34189785
-0,45378828
0,22198397
0,35868835
0,29982525
0,38009387
0,16547263
0,1932162
0,39116484
0,40470296
-0,26167586
-0,08071959
0,4959458
0,26915026
0,1839763
-0,4286736
0,47374463
-0,009113014
-0,4218823
-0,26382682
0,44601554
0,48511797
-0,036532313
0,31961292
0,24175024
-0,22604594
-0,35362458
-0,11579317
0,23110062
-0,065127075
-0,09652257
0,20024127
-0,47000107
0,16283596
-0,20379105
-0,3582313
0,49480355
0,08293265
-0,29223448
-0,36757314
0,48962724
-0,42111588
0,18445057
-0,107623875
0,3093279
-0,13791105
0,23031664
0,39738733
-0,079630286
0,05434209
-0,13251922
0,3495491
-0,41585958
-0,38651216
0,2764762
-0,24145898
-0,0841746
-0,29968777
0,4202621
-0,17507169
-0,25815356
-0,38024086
0,4393648
-0,34210622
0,48916817
-0,40147513
0,46604759
0,1516664
0,37491494
0,48817003
-0,36677384
0,12653601
-0,32926422
-0,17554924
0,30564606
-0,07325566
-0,40073967
0,38920087
0,2273373
0,40824008
-0,48015326
-0,37376675
0,41534096
-0,054122925
-0,051618665
0,4393723
-0,10009822
-0,021167278
-0,038447738
-0,3538981
0,1292519
0,05940181
0,26986527
0,16504562
0,4124229
-0,13198256
-0,18820095
-0,2554734
0,3855896
-0,015647322
0,3662824
0,3496917
-0,4428325
-0,39967212
-0,4155718
-0,45677757
0,28436148
-0,36628813
0,021736324
0,3766566
-0,16338614
-0,40760714
-0,17398348
0,4052301
0,38122457
0,35661983
-0,12065548
0,33002543
0,3971244
0,18270636
-0,30071723
-0,03739944
0,26198417
0,15057021
-0,49834177
0,4135658
-0,41893244
-0,3755371
0,3832302
-0,2568797
0,26846373
0,38275892
-0,44774055
-0,10493353
0,32744277
0,1735847
-0,39297754
0,1355378
-0,103346676
-0,029066682
0,41891915
0,17282957
0,24247313
0,3066659
-0,03596586
0,45971298
-0,30770808
-0,17888585
-0,2625677
-0,35426491
0,025022626
0,22834665
-0,44674912
-0,1670177
-0,4006404
0,17589265
-0,10120785
0,12995243
-0,45027208
-0,32895565
-0,22222018
0,38892168
0,49547827
0,28651607
0,13796437
0,2785073
-0,46095827
-0,123274654
0,48550266
-0,13949025
-0,3476594
0,3556013
0,0138757825
-0,20277819
-0,008837372
-0,41864833
0,31278574
-0,010239571
0,33166355
-0,14017197
0,40788156
0,35161233
0,40352643
-0,35462904
-0,0054831207
0,23489803
-0,2171784
0,26886415
-0,15602621
-0,17085165
-0,3087048
0,3800395
-0,13769558
0,09669304
-0,06421551
-0,27626824
-0,09534633
-0,35057414
0,3039717
0,29788142
-0,30141252
0,29858714
-0,41393572
-0,42531955
0,216438
-0,19399527
-0,34299195
0,28222847
0,08463383
0,38631397
0,082974195
-0,26955977
0,12910247
-0,3698455
0,22151822
0,22272563
0,29352748
-0,4419967
0,16498488
-0,19791102
0,4010743
-0,070189476
-0,26815766
0,45132643
0,041621745
-0,2565639
0,2099511
-0,24596539
-0,15523157
-0,025133729
0,24497485
0,31061137
0,083453596
0,14033413
-0,46034908
-0,3805555
0,35514373
-0,04245296
-0,47373015
0,30603296
-0,22701082
-0,046815157
0,48008955
0,06491232
0,09425461
0,33794558
-0,29999018
-0,4659023
-0,094788134
-0,47013056
-0,28605485
-0,473075
0,064549625
-0,42675078
-0,42742878
-0,07416785
0,002549529
-0,09555018
-0,13947082
0,33559597
0,027808964
0,27312577
0,47393823
-0,3177496
-0,44536504
-0,23178455
-0,20146534
0,35543805
0,46471566
-0,322828
-0,38677394
-0,14722586
0,17566156
0,36265397
0,1534509
0,35492617
0,15495151
0,37154573
-0,34032002
-0,22308993
0,2911235
-0,2412962
0,31554556
-0,20561153
0,088750005
0,29008406
0,46999598
-0,1156095
-0,061896473
-0,23153481
0,29237372
-0,28764868
0,37823427
-0,077194065
-0,23903438
0,26493967
-0,0027097762
0,085630834
0,14351064
0,3496868
-0,45734534
-0,14594552
0,022972584
0,006559074
0,460348
-0,40091196
-0,15987062
0,4989857
0,49630785
-0,067668796
-0,25362307
0,4938352
0,16800994
0,37379545
0,3253237
-0,42952877
0,119077325
0,03040111
0,36831254
0,05902511
-0,070465595
-0,25743836
0,11609167
-0,25903788
0,020272493
0,4044724
0,13318843
0,025935829
0,26647133
0,3526467
-0,17376935
-0,01253286
0,3515218
0,113640904
0,20368052
0,07334185
-0,32923818
0,06509572
0,23191696
0,17762345
0,2945152
0,47445202
0,05739206
0,3820061
0,24604791
0,19692236
-0,2631874
0,33739227
-0,095098704
-0,36810464
0,4950031
0,28954852
-0,035181552
-0,3493932
0,28106004
-0,22512501
-0,32383078
0,48648518
-0,2826745
0,29811078
-0,17433244
-0,19708478
-0,3359964
-0,1815615
0,09031427
-0,112044275
0,3602609
-0,38929883
0,041799307
-0,09614742
0,30486077
-0,15230322
-0,28972295
0,05391091
-0,16994229
-0,39497724
0,06517154
0,29671103
0,11923987
-0,38642773
-0,012594193
0,025046468
0,09270817
-0,25763574
0,37991738
-0,4374587
-0,46310687
-0,15511808
-0,4708976
0,37838387
0,13389307
0,3727184
0,38150615
-0,35607696
-0,25251925
0,44323432
-0,1362007
-0,31641686
0,32162178
-0,42573598
0,47983027
-0,22446886
-0,22724217
-0,43250182
-0,39578614
0,3951403
0,002266407
0,17306453
0,15704805
0,26516485
-0,2964847
-0,4692319
-0,46557313
0,29047334
-0,17795476
-0,114127755
-0,15722197
-0,29545182
0,2493316
0,44356686
0,384561
0,22850007
0,44559896
0,02942431
-0,047317356
-0,17933515
-0,13941824
-0,29114586
-0,07911369
-0,027282208
-0,1890724
-0,36057162
0,25636464
0,07989323
-0,4638706
0,38577795
0,4279698
0,36557633
-0,044171244
-0,45057923
0,29364055
-0,15993246
-0,48039144
0,21168953
-0,16225699
-0,1137656
0,34992427
-0,3948056
-0,40816328
0,06501198
-0,0010001659
-0,041832387
0,36954528
0,3874461
0,3193782
0,31323344
0,104684114
-0,12244269
0,31473458
0,19787836
0,35819817
0,27816486
-0,027920306
0,29774106
-0,46564573
0,2794658
0,49585408
-0,2991605
0,27635163
0,268628
0,051898718
-0,45131093
0,111903846
0,4971164
0,23114127
0,45035106
-0,32664585
0,3395965
0,06658554
0,17104203
-0,38702
0,049779534
0,33812577
-0,4996648
0,057923496
-0,27417076
-0,13891768
0,14732915
0,22871375
0,10172659
0,15951955
0,017756283
0,07417965
0,10764414
-0,3802572
0,20050812
0,2142663
0,46588928
-0,13197929
0,0045348406
0,44352335
-0,056006104
0,28661203
-0,44432244
-0,2524373
-0,21997869
0,34753865
-0,337144
0,4018584
-0,2855116
-0,38387555
-0,18008602
-0,41434565
0,4299295
0,29874504
-0,098839104
-0,24226922
0,24162275
0,26729506
-0,22574884
0,36325997
0,37274647
-0,24660233
-0,15521264
0,019250453
0,2413981
-0,15290165
-0,43916076
0,035752773
0,15518415
-0,10882026
0,042509615
0,091402054
-0,47480294
-0,26010954
-0,11547369
-0,13202897
0,29014838
0,07812357
0,39916825
0,07905179
0,10467821
0,07231331
0,10322547
-0,38672614
-0,4330229
-0,15913144
-0,21295571
-0,24945396
-0,18836305
0,28863972
0,48167092
0,3156646
0,3182459
0,3035686
0,20134598
-0,24626467
0,17141867
0,37251747
-0,43595415
-0,25693303
-0,2307216
0,3199486
-0,034836024
-0,1772047
0,26400244
-0,073195636
-0,24363786
0,07723379
0,17889678
-0,15970933
0,118611455
0,20933753
-0,2660884
-0,10043678
-0,2568911
0,4414522
-0,36262327
0,39916873
0,26308298
0,499633
0,23668432
-0,395653
-0,24703601
-0,33620515
-0,17725533
-0,38487568
0,10616803
-0,001980722
-0,13113308
-0,2203452
0,45586097
0,36538762
-0,36129916
0,3988136
-0,16767824
-0,048128247
-0,0071157515
0,41100252
0,49344587
-0,28662318
0,3520866
0,20912045
-0,15272057
-0,4914623
-0,28259152
0,31509638
-0,36078066
-0,44389606
-0,2213538
-0,16107738
-0,018615425
0,19799548
0,0339877
0,00018131733
0,46695858
0,02190721
-0,44672227
-0,22672275
-0,41717625
0,29697376
-0,0076910853
0,22852647
0,39021415
0,48307097
0,023332298
-0,28032064
-0,13665348
-0,14122754
-0,055689335
-0,34590143
-0,0064030886
-0,16878587
-0,34456164
-0,4605404
0,36400288
-0,23695707
-0,34527636
0,11076337
0,034350038
-0,10599342
-0,26818678
0,10331428
0,059260964
0,26041704
0,24560338
0,31915474
-0,16683513
-0,064055055
-0,3139364
-0,49757516
0,43397558
-0,47943917
0,20250791
0,42436075
0,35512996
0,0034496784
-0,23775738
0,4054255
0,48748082
-0,22926736
-0,01334855
0,35198075
0,12509727
-0,09848556
0,3568266
-0,45178115
0,0289675
0,17906111
-0,21096489
-0,15259928
-0,45389482
0,3146208
0,28526056
-0,28476733
-0,20149505
-0,15766913
0,25815493
-0,291278
0,09240228
0,12106222
-0,4651568
-0,32219216
-0,098936856
0,2510668
-0,086646646
-0,41925976
-0,48558903
0,19904333
-0,39656687
0,37787712
-0,37758023
0,14405572
-0,052657753
0,26676035
-0,05138755
0,23306185
-0,42278612
-0,08966792
-0,48964813
-0,2593434
-0,29206896
0,16111952
-0,082105696
0,49005365
-0,21501887
0,009643257
-0,2734455
-0,007790208
-0,07942018
0,45976746
-0,40985036
0,24604446
0,14056212
0,4770012
0,28429216
0,24094993
0,17114216
-0,36129996
-0,05242768
-0,34081405
0,4922495
-0,079484046
-0,2596364
0,39881814
-0,065822095
-0,29149187
0,37899435
-0,08812025
-0,12531868
-0,2262362
0,1510973
-0,495239
0,49022412
-0,17400846
-0,12761685
0,42464918
-0,4720941
0,17700458
0,33730817
-0,4804793
-0,11108205
0,29757583
-0,038490444
-0,23679921
0,08555919
0,22867286
0,15831184
0,19699323
-0,31293303
-0,39263517
-0,18401954
-0,05644992
-0,24610916
-0,2724403
0,028973997
-0,48765606
0,3361687
0,14182693
0,13095558
-0,44881013
0,109448254
-0,12226206
-0,21462089
-0,021826923
-0,30310735
-0,26651454
0,15758169
-0,12209022
0,3714671
-0,006032437
0,0076699257
0,3689974
-0,23489866
0,4015295
-0,28690395
-0,28640798
0,25083447
-0,2099787
-0,07358068
0,4749502
-0,10338771
-0,050639838
0,19910562
-0,48758826
0,20010185
0,12053108
-0,31564796
-0,34865066
0,41067147
0,052650392
-0,4002271
-0,049546808
0,185009
0,20557892
0,37064207
0,42288667
-0,071261644
-0,30917692
-0,20658079
-0,05589643
-0,24238563
-0,29774737
-0,13625199
0,12618953
-0,4211794
0,42236292
-0,021454483
0,07881957
-0,15573919
-0,33682382
0,19214112
-0,44935164
0,0868364
0,23307055
0,012731254
-0,16679534
-0,40855348
0,10063207
-0,11801538
0,2878703
-0,36292875
-0,1823855
0,35325772
-0,065634996
-0,31275308
0,10393387
0,24084818
-0,069702506
-0,06428102
-0,052420527
0,21398371
-0,10008094
0,43285698
-0,059643567
-0,085761726
-0,103636205
-0,0350596
0,4515977
0,1421693
0,3861547
-0,36908653
0,3204078
0,30981612
0,0070672035
0,14706755
-0,33897883
0,09078461
-0,39851856
0,100307405
-0,49117875
0,3667251
-0,31976593
-0,40817896
0,29897064
-0,41902727
-0,26027292
-0,2809378
-0,12988499
-0,15261397
-0,2464577
-0,44224724
-0,47033986
0,09684396
-0,21274501
-0,4629488
-0,21104491
-0,22790623
0,32939577
-0,047192663
-0,100091904
-0,24836463
-0,37193763
0,22149855
0,07950187
0,4220701
0,19407511
0,3409968
-0,30192417
0,4593023
0,15965247
0,0353173
-0,1452077
-0,053751916
0,090447545
-0,48285815
-0,20235667
0,4768889
0,076263785
-0,35878164
0,034372568
0,34778088
0,34348267
-0,45609707
0,25197285
-0,14774087
0,115356505
-0,093218684
-0,28987563
0,35378146
0,083565354
0,06886196
0,20773995
-0,19930688
0,47733968
-0,07413605
0,23721248
0,0214414
-0,08213544
0,37046957
0,3373837
0,2764994
-0,050020456
-0,291626
0,22475523
-0,32737887
0,13352442
0,31027555
0,19357663
-0,18914595
-0,46535248
-0,49017283
-0,1552951
0,31721103
0,15259773
-0,32765618
0,038891375
0,11894882
0,2911119
0,10990566
-0,2300896
-0,26080996
0,08805251
-0,035393715
0,33532572
-0,16166815
-0,15904674
-0,24299812
0,47105426
0,0056126714
0,29232728
0,14958125
-0,4479319
-0,23788181
0,19331306
-0,16463736
0,35615534
-0,35043764
-0,35759494
-0,4152522
-0,061944276
0,21180224
0,30824298
-0,022413522
0,15492296
0,14912558
0,32376498
0,2076391
-0,13388956
-0,37448192
0,37070227
0,28649968
0,4920383
0,4047382
0,41270697
-0,3641106
0,3468063
-0,15210819
0,08192164
-0,19423094
0,4236216
0,0064692497
-0,44056794
-0,24771547
-0,12895235
-0,4588684
0,09605211
-0,15649092
0,025808215
-0,19825053
0,25596637
-0,45618635
0,27990448
0,37118298
-0,43400788
-0,20993909
-0,45006517
-0,39746994
-0,16510108
-0,3776992
-0,066485524
0,28909475
-0,4758552
-0,4593239
0,19504005
0,30030304
-0,37511727
-0,28367668
0,46026087
-0,22876409
0,28284305
-0,25667754
0,20387316
0,19687241
-0,1118049
-0,3442201
-0,24768618
0,34526718
-0,2226592
0,25010574
-0,19257376
0,49581015
-0,16860059
0,24614406
-0,07904777
-0,39830592
0,00712806
-0,09965891
0,0149998665
0,2934625
0,07829201
-0,29476553
0,090854764
0,49742723
0,4662063
-0,033935964
0,063408256
0,08324212
-0,12641826
0,39929384
0,20148438
-0,29978412
0,4174137
0,19891107
0,31299174
0,33967108
0,27767527
0,14508611
0,46626174
0,361596
0,21523786
-0,4778671
-0,3760872
0,3629794
0,2290129
-0,30312508
0,44504917
-0,19709998
-0,33260125
-0,052922755
-0,16404727
-0,22943625
0,20204878
0,055986345
-0,09335908
-0,21795413
0,34222806
-0,2189168
0,010403156
-0,44378904
0,15124726
-0,22945428
-0,4201924
0,12564224
-0,10913095
0,4241053
0,054863274
0,012058139
-0,16226685
-0,3006009
0,022621274
-0,38170916
0,4958902
-0,22755861
0,25920224
-0,46114886
-0,49155495
-0,43987527
-0,019909412
-0,100087285
-0,12703732
0,46914726
0,20970637
-0,019243866
-0,43793017
0,25809455
0,24911231
0,0760901
-0,36278367
0,1368593
0,29531825
-0,2561785
-0,45133302
-0,19691768
-0,15735033
-0,24143893
-0,2599915
0,016938925
-0,476528
0,13443208
0,33618665
-0,43419966
-0,39438847
-0,07323709
-0,25331235
-0,42587316
0,105733216
-0,41334942
-0,05539593
-0,07594043
0,17392564
0,460514
0,16189188
0,022333384
-0,2598779
0,1409496
-0,14744526
0,07683772
0,017737806
-0,37349313
0,08375955
0,28906482
0,24104422
0,16629022
0,20115787
0,4779672
0,11132169
0,40940636
0,36164576
-0,34568852
0,276209
0,31092864
-0,30987424
-0,33838037
-0,42894375
-0,11165878
-0,43918565
-0,027964711
0,48074752
-0,25652605
-0,0827544
-0,4725374
0,24709624
-0,116039336
-0,41511935
-0,16040102
0,0043094754
-0,31731322
0,397924
0,13815564
-0,03529206
-0,11245617
0,12699884
-0,3753634
0,45958418
-0,047433883
-0,20245019
-0,35241017
0,39098102
0,3524469
-0,25911725
-0,32691383
-0,3320393
-0,07778224
0,09971011
-0,2287235
0,022445142
0,26948988
-0,16126895
-0,49658087
0,21811265
0,36847878
-0,27359015
-0,2698804
0,4259405
-0,39683262
-0,26211774
0,056878686
0,067862034
-0,08588213
-0,06301758
-0,014391065
-0,042661637
0,4607864
0,40196705
-0,45954514
-0,3946131
0,42650062
-0,37720603
-0,25767887
-0,35816622
-0,25558168
0,21603
0,079674125
0,042778134
-0,2933603
0,039814472
0,4938144
0,13817638
0,073828995
-0,20102534
-0,41052368
0,38693964
0,28684443
-0,26579273
0,22909123
-0,39564264
-0,48535848
0,431911
0,070472
0,34589815
0,038376033
-0,06654686
-0,10094643
0,41614288
-0,113689035
0,25336003
-0,0815033
-0,08155531
-0,08129206
-0,31436658
0,17042279
-0,29821122
-0,47294205
-0,36094344
0,2712413
-0,28083453
0,06721187
-0,46523887
0,46153027
-0,09135145
-0,4524661
-0,40881392
-0,36561003
0,43320996
0,256055
-0,45792025
-0,10869947
0,34736562
-0,20792153
0,39484155
0,10952681
-0,41287702
0,19852525
0,34875506
0,48109406
0,37131995
-0,18117517
-0,2701587
0,23303354
-0,38227785
-0,43062523
0,45790893
-0,19261524
-0,4076963
-0,3975432
0,028408825
0,45929903
-0,29416823
0,260045
-0,35785854
-0,21947148
0,089261055
0,38611668
-0,42343977
0,25787354
-0,3953294
-0,19652519
0,4126562
0,39527184
-0,19008094
0,49932534
-0,169736
-0,3396986
0,0053141713
0,41429752
0,017101169
0,04577154
-0,061956376
-0,20554629
0,098252475
0,13515711
0,36226052
0,13099796
-0,18520346
0,43754065
-0,21277821
0,31502223
-0,028688759
0,40876895
0,46537894
0,037634313
0,33912063
0,4026823
-0,24683732
0,08923441
0,05808562
0,45424932
-0,18144155
-0,12556866
-0,11644536
-0,008467764
-0,16483891
0,38086653
0,006644666
0,13467646
-0,3456576
-0,21010819
-0,49494356
-0,23190445
0,29891348
-0,4533299
0,12163341
-0,25040543
-0,20493269
-0,46380892
0,46261364
0,1881764
-0,062480718
0,18267548
0,22333866
-0,015228063
0,26358634
-0,27726567
-0,13644901
0,25628603
0,10864127
0,025756955
0,26609707
-0,44376567
-0,025013804
0,34681588
0,2823602
0,17790979
-0,27250215
-0,4118102
-0,015208513
0,1544854
0,3292082
-0,09271872
-0,41633093
0,06056571
0,029405832
0,21510166
0,36118573
-0,3234988
0,27715087
0,2575068
-0,298164
-0,47739705
0,10094607
-0,27256936
0,48036188
0,1356141
-0,32712033
-0,17773855
-0,3093444
-0,4586963
0,07880384
-0,104595244
-0,45826563
-0,4959276
0,057777405
0,30846232
-0,3241331
0,25117046
0,20454276
-0,30389497
0,07839632
-0,35105073
0,4920385
-0,30178094
0,0129470825
-0,18269855
0,1550563
-0,07765344
-0,41621542
0,1091848
-0,4026391
0,25249392
0,24469644
0,34898686
-0,19720048
-0,048748434
-0,28130472
-0,34049475
-0,32985514
0,35697937
0,2859134
-0,36305737
-0,24794722
0,123858094
0,25905323
0,24944371
0,21928978
0,39057612
0,33072406
0,2877621
0,027024686
0,30563653
0,3989889
-0,3975792
0,38493663
0,43936867
0,028098702
-0,45031595
-0,15213725
-0,4530879
0,46137387
-0,40885785
0,4867683
-0,25040674
0,24114758
-0,15890309
-0,0042313635
-0,30299103
0,42722142
0,304685
-0,1905962
0,30449748
-0,02116397
-0,07048041
-0,052608192
0,2757522
0,286386
0,040678203
-0,1924882
-0,37154114
0,48554468
-0,44337153
0,2027328
0,020400882
0,3094266
-0,23936194
0,11726469
0,17751831
-0,34832543
0,4266001
-0,114289194
0,118872106
0,11950922
-0,25985605
0,011182368
-0,4091414
-0,21362928
0,12744397
0,37209177
-0,039117783
0,32627416
0,26084226
-0,021499455
-0,1702761
0,32516932
0,29223192
-0,26023966
0,44452292
0,18620592
0,4290319
0,37855673
-0,41503775
0,047347784
0,19247991
0,4371897
-0,14352304
0,0897339
-0,079327196
-0,31982064
-0,1558184
0,16253823
-0,22268608
0,16269612
-0,07354945
-0,2596576
0,027493834
-0,17573202
0,2835061
-0,33411932
0,054573655
0,1521098
0,27181554
0,34325004
-0,083572686
0,4729665
-0,14448303
0,21139246
-0,31625956
0,42582464
-0,29400492
-0,4814285
0,36969852
-0,30282524
0,014531255
-0,07401091
0,28188443
-0,198174
0,20554817
-0,46201628
0,16352552
-0,43859023
0,22911233
-0,0011970997
-0,43898228
0,13568437
-0,43011323
0,18877804
-0,36611998
-0,3377115
-0,44360003
0,27498764
-0,4202857
-0,22987702
0,48538738
0,4648167
-0,27703613
0,4149391
-0,18424252
-0,49849358
-0,3893351
-0,4709451
-0,15979505
-0,04221049
-0,003322482
0,30947757
0,019828796
0,094064236
0,05806732
0,20155495
-0,36237472
0,4191031
0,28823102
-0,16808197
0,49508387
0,019039571
0,44519722
-0,011165321
0,24800718
-0,3852441
0,3172506
-0,49330086
0,22668737
-0,4235165
-0,2776814
-0,14491561
-0,24845973
-0,15815407
0,39321166
0,25032324
-0,077525705
0,002859652
0,31854916
0,11605328
0,23393708
0,14048761
0,42735338
0,21530801
0,2586257
0,24911034
-0,22052845
0,2943701
-0,112828225
-0,10978663
0,30710036
-0,3860474
-0,2838667
-0,34714156
0,47014147
0,14648533
0,021445632
-0,42359287
-0,012817144
-0,45939422
0,13310897
-0,4947759
0,098454475
0,48101008
-0,23497951
0,30309713
-0,24859643
0,48963118
-0,45655298
-0,45314005
0,28995287
0,11250216
0,32887948
-0,12279919
0,28558236
0,4683668
-0,27845567
-0,25662565
0,49457908
-0,49417418
0,11152071
0,03403026
-0,33043253
0,017858744
-0,30802226
-0,25040144
0,23567164
0,041570187
0,32108992
0,21976197
0,021147192
-0,19348049
0,0767141
-0,23693198
-0,300585
0,31141263
-0,38026178
0,28685814
0,4035489
0,46903425
-0,4232571
0,35658026
0,2058233
0,32875848
0,4672544
-0,4801903
0,08743262
-0,012430012
-0,48724034
0,44665545
-0,053663254
-0,49421382
-0,42966324
0,16443259
-0,41974887
-0,16508895
0,40209234
-0,39519224
0,2055552
-0,20597649
0,40160406
-0,24066293
0,39524698
0,31852823
-0,35507578
0,33788484
0,42437947
-0,22346875
0,48105776
-0,17592025
0,45846367
-0,31225953
-0,21159548
-0,4515181
-0,45968777
0,057019055
-0,39363763
-0,48402408
-0,3960116
-0,15638533
0,34864718
0,01569891
-0,08415386
-0,04818499
-0,30947727
0,23604113
0,17444134
0,36935276
0,2984007
-0,389961
-0,31562108
0,014435172
-0,01687181
-0,07885477
-0,12855497
-0,0035610497
-0,024055421
0,06971967
-0,46090263
0,49041796
-0,41143233
-0,47179875
0,19523352
-0,25454342
-0,18672293
-0,165876
-0,44827586
-0,11539674
0,09407705
0,42963815
-0,44786885
-0,14240372
-0,08855632
-0,06583047
-0,09160605
-0,3624943
0,42402261
-0,2139382
0,13625324
0,16347778
0,48764127
-0,4960128
0,43902618
0,2722435
0,045687556
0,03973931
-0,41517136
-0,18641394
0,00012922287
0,39596236
-0,39614552
0,10788685
0,17719871
0,36311656
0,22267872
-0,02613002
0,308985
-0,080382824
-0,23487183
0,37379783
-0,15513223
0,16961098
-0,48801678
-0,0013575256
-0,24621546
-0,18528542
0,059314966
-0,48763725
0,4462878
-0,42162925
-0,10484257
-0,12853178
0,08206797
-0,26256937
-0,29606283
0,018960178
0,29304582
0,29572076
0,01753658
0,11401361
-0,3767802
-0,30298358
-0,05792278
-0,10801667
0,3893124
0,31334066
-0,4981883
-0,056714058
0,015818477
0,43452793
0,46429878
0,3756215
0,4648654
0,121157944
0,33748424
0,12793714
-0,06382847
0,17951262
0,32195807
0,058827102
0,1901449
-0,47629225
-0,265562
0,45707256
0,24973696
-0,005748749
-0,49065793
-0,2807662
0,26392984
-0,07595423
0,355074
0,15281767
-0,30561075
0,33737022
-0,04572192
0,26197457
-0,46681228
0,13956499
-0,3624398
-0,22932225
0,26570022
-0,102362394
0,45184195
0,49275
-0,065089434
-0,3422144
0,43031013
-0,4188956
-0,41976923
0,40679634
0,039858937
-0,17399335
-0,49878874
0,31534588
0,35890645
0,24217916
-0,39971074
-0,24157715
-0,1811716
0,086399615
-0,47316515
0,49603504
-0,032086015
-0,2726844
-0,085481405
-0,33127773
0,3796929
-0,0766834
-0,32486224
0,19303977
0,21548432
0,41666877
-0,32875067
-0,4691696
-0,062357336
-0,273507
0,38388658
-0,4767642
0,46485066
-0,3645584
0,4252134
0,053922296
-0,37046427
-0,1579611
-0,49810487
0,2661742
0,1664387
0,07340664
0,21648997
0,10410273
0,21037233
0,41252905
0,14975953
-0,03552538
-0,3302678
0,26975578
-0,25892705
0,34823555
-0,20325866
-0,42353255
0,3601895
0,34432143
-0,17828915
-0,002385676
-0,07847789
0,18208772
0,38956964
0,07358909
0,21550357
0,06762183
-0,1976805
0,42053354
-0,45683822
0,46000367
0,051739395
-0,11629698
-0,02621904
-0,28481436
0,28395724
0,31889617
0,04325384
-0,035545647
0,2795512
-0,17856896
0,13074571
-0,30970183
0,23468077
0,44793975
-0,15189844
