60
125
0,23068786
-0,47801217
0,3558152
-0,3598017
0,31709442
0,36146715
0,16956219
0,114286296
-0,45177072
-0,16537942
-0,31367862
0,0016634664
-0,35706648
0,033913124
0,4064953
-0,079624064
-0,35417125
-0,061462328
0,410002
0,31613493
0,34330752
0,04849799
-0,32436746
-0,10677754
-0,009004176
-0,18034582
-0,025030736
0,3935522
0,09503795
0,05729129
-0,22735818
-0,3715733
0,3224186
0,41366765
0,23250343
0,39512712
-0,11327233
0,053664684
0,18504064
-0,014205715
-0,42459682
0,427629
-0,36055717
0,044656366
0,034121837
0,44177946
0,23096083
-0,21868268
0,18336086
0,4396116
0,28199035
0,32965598
0,12866203
0,024305856
0,16447747
-0,2495398
-0,32707116
0,3234514
0,2661187
-0,4728624
-0,39352727
0,47732538
0,38819945
-0,43370917
0,45093724
-0,013932734
-0,015171773
0,30597818
-0,37238118
0,44770917
0,3119628
0,4387435
0,25221792
0,04336802
-0,22641163
-0,49596024
-0,11324239
0,17238308
-0,3679028
-0,024058333
-0,2403777
-0,21859981
0,09773176
0,16062444
-0,28863204
-0,48151565
-0,18087779
-0,26188388
-0,2798559
0,4880388
-0,30914947
0,31226394
0,44912502
-0,2576307
0,096572265
0,38707092
-0,17308353
-0,18552762
-0,35298225
-0,07690942
0,26677102
-0,14559121
0,39794338
-0,46736756
0,4821218
-0,44882643
-0,3879439
-0,31476042
0,22972931
-0,3830753
0,0017478504
-0,036015056
-0,36782295
-0,1893943
-0,3031137
0,3114947
0,40588328
0,25315857
-0,35485628
-0,20795555
-0,36037394
0,3217518
0,2730196
0,12581363
0,15074788
-0,3975894
-0,08205935
0,08389369
0,042724803
0,47236422
-0,43443194
0,078400135
-0,13960303
0,047752865
-0,3928682
-0,016033804
-0,14863218
0,4130342
-0,27370185
-0,073978834
0,2689408
0,0285286
0,49441624
-0,37765744
0,1103185
0,4513917
-0,14056939
0,46345916
0,430384
-0,3586517
-0,08661694
0,23143186
-0,036229376
-0,025165763
-0,18208505
0,27284664
-0,32210618
0,28322214
0,074405126
0,23684168
0,4208054
0,15966845
-0,21533498
-0,4432808
0,36138
0,32284853
-0,14834136
-0,29380965
0,09788909
0,49597615
-0,2019609
-0,38013464
-0,48614642
-0,1288245
0,4127634
-0,37665096
-0,3544154
-0,0701591
0,07888295
0,10276918
0,35088143
-0,33439916
0,37563005
-0,09071944
0,29403535
0,46441847
0,2850128
-0,4398194
0,23157105
-0,10940346
0,05034756
-0,21563625
-0,025802236
0,4497623
-0,30888176
0,4219625
-0,42556128
-0,17716537
0,45524943
-0,27782896
-0,42268744
-0,20719354
-0,17735875
-0,01882546
0,3345538
0,41564715
-0,07191933
-0,4593362
-0,25426242
-0,0380206
-0,14082855
0,053990975
0,23516941
-0,22427037
0,35595146
0,20670824
-0,08806883
-0,41838902
0,022409417
0,26071954
-0,35597005
0,2588644
-0,39934132
-0,23186427
0,066187814
-0,251143
0,28327748
0,24485418
0,41897336
-0,13899653
-0,08231715
-0,09940031
0,012136282
0,19273086
0,044091355
-0,17357574
-0,34234232
-0,44587696
0,35673165
-0,37497392
-0,20302542
0,078563154
-0,14778475
-0,025389904
-0,08753571
0,031263538
-0,49969804
-0,29517585
-0,2644109
0,48372284
0,0015750545
0,0031374851
-0,0066514933
-0,011263205
-0,27594063
0,18690608
0,09322295
0,0030443803
-0,011256758
-0,13555872
-0,2727336
-0,3823154
-0,21276057
-0,30186725
-0,094055586
-0,09970784
0,45725593
0,05078659
-0,36685857
-0,35690358
-0,3371968
-0,23875391
0,32051605
0,2081775
0,04289401
-0,48608905
0,33132342
-0,19473733
0,24551176
-0,14565854
-0,32936326
0,0989274
-0,32647505
-0,37815642
-0,3034779
0,36717653
-0,07328591
0,30636308
0,19779217
-0,2261757
-0,064565636
0,14283746
0,34368137
0,38096255
0,29793373
0,29318377
0,24396512
-0,329559
-0,2658177
0,40324166
0,40709084
-0,4546633
0,14265254
-0,4826372
0,005163675
-0,22677843
-0,051377397
0,34417278
0,12083483
-0,43434554
0,09788424
-0,38644853
0,08495726
-0,19000116
-0,3858124
-0,43461996
-0,078274965
0,027035022
-0,44772467
0,40203488
-0,12625155
-0,23935439
0,09964083
-0,17339803
0,48046175
0,2065778
0,068813965
-0,13935985
-0,14168628
-0,15672731
-0,21880871
0,48025492
-0,17828836
-0,36526784
0,39000997
-0,15187855
0,472978
-0,35536173
0,09126729
-0,4718382
0,114679836
-0,49622503
0,28451422
-0,3844675
0,104145005
-0,30127048
0,45019704
-0,2683772
-0,12913658
0,06658756
0,115395926
0,33372438
-0,33934373
0,2500119
-0,37723026
-0,45640495
0,12670298
-0,2965856
0,15839903
-0,041849077
0,42918918
-0,2722254
-0,14395703
0,040818866
0,012881276
-0,20212941
0,45782655
-0,3527197
-0,3770581
0,059216965
0,47174105
-0,11354415
0,18461193
0,020289266
-0,26232836
0,341575
0,20411497
-0,41878504
0,38542143
0,48510215
0,08468328
0,17378607
0,4058249
0,13622652
0,18122832
-0,082052015
0,34335274
-0,24386247
0,06890176
0,24561515
0,36233553
0,44149652
0,28672764
-0,44311592
-0,15073925
-0,06393671
-0,41775706
-0,38519073
0,012716683
-0,3771952
0,22087154
0,3604247
0,029775938
-0,21247645
0,05682471
0,3543355
0,095671274
-0,14106275
0,26125744
0,41549945
0,23390208
0,13111022
0,008287855
-0,26140326
0,21586043
-0,21374415
0,46980894
0,14680271
-0,19224188
-0,00057025277
-0,08746593
0,48062873
-0,010884575
0,4992239
0,09976904
0,13316867
0,20929517
0,42185605
0,15901692
0,2430155
-0,14598657
0,34405953
0,17627144
-0,38889554
0,04016021
0,17095816
-0,007953568
0,38539687
0,15503469
-0,088183165
0,43074837
-0,19925699
0,1283316
0,075856134
0,35034877
0,38279676
0,08266705
-0,45719123
-0,112717435
0,17767805
0,32169574
0,2905345
0,05595829
-0,32028833
0,2539262
0,22434665
0,28022113
-0,032566607
-0,4400974
0,21034206
-0,49415228
-0,016316589
0,4818498
0,108552754
0,46497247
0,44255704
-0,32429597
-0,32254013
0,42873713
0,19429676
0,04532177
0,25565195
-0,45091
-0,060780793
-0,039336324
0,14395799
0,34881204
0,43350407
-0,4184032
-0,114871785
0,39038667
-0,24967386
-0,30706602
0,416454
0,2106645
-0,36538193
-0,014927317
0,20296998
0,1628263
0,093989685
0,42289144
-0,13890828
0,39702216
0,18146569
-0,12668222
0,026119543
-0,24475187
-0,33513314
-0,28588146
-0,13844472
-0,029438078
0,01916815
-0,06111086
0,28958517
0,34479964
0,054921202
-0,38190717
-0,22207159
0,48262852
-0,12538072
0,43935
0,22935608
-0,4562452
0,07110268
0,4081982
0,19643615
-0,41721565
0,28951982
-0,043020196
0,47085753
0,23109265
0,28757253
-0,14754345
0,36391622
-0,3997425
-0,061620925
-0,42846864
-0,28641072
-0,3481216
0,47371572
-0,3157259
-0,43672398
0,495253
0,109232955
-0,4601004
0,0068538454
0,11281903
0,0379164
0,112638205
-0,17041968
-0,14238599
-0,29348457
-0,036001407
-0,33183277
-0,32494262
-0,42274776
0,42405975
0,36569318
0,28612667
-0,3605748
0,26852524
0,45211545
0,4371265
-0,06635795
-0,17692116
0,043054815
-0,21083508
-0,019081194
0,0010403359
0,27273467
0,2290112
-0,35343733
0,07798737
0,31040138
-0,011840121
0,052998044
-0,055097014
-0,4116901
-0,08165673
-0,16760059
0,2915731
0,046368
0,068372294
0,26087555
-0,27201003
0,22561656
0,13153799
0,47778022
-0,4115393
-0,22651836
0,15571062
-0,14225471
-0,32383394
0,2034477
0,01572211
0,4529847
0,4966187
-0,14669779
-0,3805872
-0,24434778
0,20156883
-0,43270028
0,19639288
0,41109452
-0,182119
-0,17588592
-0,33098665
-0,1819316
0,46798357
-0,044547893
-0,043141246
0,023159731
0,1764715
0,28256682
-0,42622635
0,19957295
-0,4536368
-0,108480915
0,413431
-0,47913942
-0,39946508
-0,24783975
0,42130986
-0,35163382
-0,3002131
-0,029635476
-0,22513285
0,37600285
-0,041201893
0,37546453
0,26781616
0,42545134
0,48313165
0,18341172
-0,13302575
-0,09423548
-0,25491032
0,19268842
0,1560244
0,34572604
0,4387175
-0,27914542
-0,46932784
-0,30084234
-0,11707796
0,44839653
0,45547974
0,04025374
-0,31898215
-0,4064864
0,3933655
-0,47702187
0,13382564
0,48235655
-0,07330623
-0,4386694
0,08206049
-0,028152907
0,26721114
-0,16742626
0,079387456
0,18739952
-0,4837787
-0,4526572
-0,2609805
0,2962607
0,47095475
-0,15267268
0,27959064
-0,12930568
0,32327735
0,22831158
0,22098862
-0,09482862
-0,20639485
0,002015937
0,34533274
0,10297011
-0,3134992
-0,25493988
-0,2866159
-0,0089969095
-0,2626929
0,050865788
0,38850915
-0,019646956
-0,42487916
-0,14002763
-0,3477116
0,26780972
0,2501415
0,12698725
0,4156376
0,118447304
-0,062004015
-0,11432374
0,48621014
0,007964671
0,094619595
-0,23992607
-0,16417366
0,10050087
0,2933621
-0,09761202
-0,2537424
0,031942938
-0,4298371
0,29908556
0,48468027
-0,45651534
-0,40368629
-0,007756886
0,4925856
-0,26206923
-0,21062033
0,3932489
0,21685378
-0,35956186
0,34943825
-0,4109096
0,19993809
-0,29249233
-0,033599388
0,11207319
-0,06786896
0,32381874
-0,48146427
0,2861596
-0,05165987
0,31639874
-0,09340487
-0,28523707
-0,09478688
-0,34633625
-0,21991336
-0,38451022
0,18918703
-0,25127557
0,38185224
-0,14681755
0,029725036
-0,46118885
0,24874017
-0,35400417
0,1799659
0,234089
-0,26069775
-0,40180832
-0,052939422
0,021706479
-0,43205196
0,39287844
0,22574465
0,23339431
0,48590896
0,10716125
-0,02061847
-0,023144946
0,46467867
-0,008159838
0,47726092
-0,26877946
0,31285438
0,48272917
0,16718733
0,2518857
-0,26914045
-0,44262713
0,3617826
-0,13793942
-0,13720733
-0,0016480185
-0,41436252
-0,4888761
-0,25038248
-0,09847253
0,20838566
-0,37943885
0,35399124
0,24313395
-0,09745111
-0,24728113
0,3686453
0,49159998
0,17488763
-0,47631434
-0,41022778
0,106351584
-0,39725292
0,042600628
-0,08316791
0,45388544
0,32751346
-0,05899416
0,11822441
0,048819587
-0,45245475
-0,11297882
0,2156052
-0,16196688
0,14642838
-0,14271207
0,36360654
-0,4822928
0,3092324
-0,33019164
-0,2048297
-0,3094298
0,16938426
0,06840972
-0,4065585
-0,37688598
0,4432232
0,2064348
-0,46413225
0,46073994
0,07984538
-0,30929896
0,4748322
0,3812483
0,19700284
-0,22919789
0,38515064
-0,17105259
0,48072308
0,249
-0,44832933
-0,078862175
0,17658213
-0,39361566
0,21206123
0,27396563
0,070026934
-0,19501735
0,2719496
-0,117747635
-0,49375054
-0,10689167
-0,16217712
-0,27077952
-0,28381962
-0,10685076
-0,26646647
-0,15307763
0,07711556
-0,41310343
-0,38115937
-0,36360028
-0,46941155
0,35374072
0,12562598
-0,14794515
0,45306262
-0,29190937
0,33803847
-0,42714757
0,19259259
-0,116095856
-0,22831728
0,42831755
-0,356747
0,04547609
-0,3471026
-0,07282984
-0,15718086
0,49236244
0,48523682
-0,4519645
-0,07806859
-0,059982255
-0,40998054
0,2827387
0,09915075
0,43197638
-0,31536752
-0,27141428
0,45081612
-0,3760184
-0,29401356
-0,028456649
0,32902944
-0,2795319
0,05892377
-0,2912811
-0,19658315
0,16962868
0,43903336
-0,36541817
0,032934703
-0,3609164
0,37226543
-0,45747104
-0,14060237
0,46686834
-0,42156592
-0,08434417
0,046977714
-0,25140458
0,20248409
-0,29577845
-0,2960536
-0,22817667
0,19885479
0,3113785
-0,49532005
0,29371706
-0,3249103
0,035343092
-0,09717782
-0,2087372
0,33017576
0,17197855
0,1779785
0,35838288
0,2172795
-0,48902327
0,028418766
0,26476535
0,09487947
0,2596524
0,19567265
0,34717852
0,195215
0,35477245
-0,35041034
-0,24534659
0,31993544
0,3598282
-0,33106717
0,23711598
-0,17596336
0,032722097
-0,30105245
-0,08195834
0,23274693
-0,35989287
-0,08750916
-0,25303546
-0,23138332
0,14170799
-0,37799215
-0,056250893
-0,37626925
0,026057564
0,19124559
-0,3676722
-0,018106483
0,0014758615
0,40485734
-0,35102102
0,09757557
0,18426058
0,28404352
-0,055139232
0,07755108
0,45292968
0,14395824
0,12381191
0,3528002
-0,47791514
0,21285646
-0,4576269
0,3454194
-0,23277561
0,3728063
0,21261539
0,41014344
-0,049732827
0,06279148
0,072395325
-0,029526303
-0,23199889
-0,3039777
0,25072363
-0,09351094
0,4790325
-0,26805687
-0,43615523
0,16346888
-0,37958103
-0,08246441
-0,45909867
0,242222
0,38794696
0,45024854
-0,46265605
-0,14563014
0,118820556
-0,49895498
0,4464999
0,044996563
-0,06508307
-0,4827692
-0,05580407
-0,2568999
-0,23583484
0,17863923
-0,0015808312
0,03677344
0,101520814
-0,32986388
-0,23512375
0,41246566
0,036530994
-0,4454666
0,38951647
0,4787605
-0,14213532
0,31535557
0,17084178
-0,2304722
0,23463145
-0,125605
0,061251964
0,019516397
-0,048542153
-0,25263378
0,33385634
0,04166644
-0,46895128
-0,20117195
0,05430188
-0,24120283
0,17047697
0,122229904
-0,18534382
0,22119766
0,11211096
-0,42019632
-0,21752988
-0,32637686
0,08680351
-0,056621015
-0,32537022
0,032059032
0,056384575
0,109418176
-0,18518612
-0,29980996
-0,2913906
-0,18564092
0,15368733
0,38786086
-0,17039888
-0,40859365
0,43978652
0,41755176
0,22119585
-0,25638658
0,093503654
-0,14318678
-0,41342163
-0,111093834
0,44091848
0,35472584
-0,2082178
0,12939744
0,14650218
0,0779811
-0,33220646
-0,3921169
-0,21450858
0,26506191
-0,1929257
0,20299922
-0,21024066
0,38868842
-0,020644406
0,2143819
-0,38536197
0,45162794
-0,22904776
-0,13833989
0,29247865
-0,36249197
0,25794548
0,33006763
0,05736651
0,29479927
-0,25054404
-0,21647555
0,18200831
0,25339627
0,47143373
0,03185938
-0,40516728
0,14233117
0,4159685
0,34867355
-0,3641284
0,17304786
-0,23863296
-0,19641477
0,108097404
0,48000687
-0,10770511
0,3633296
-0,43223792
0,0992836
0,26503086
0,09145647
-0,37663168
0,123349525
0,28068966
0,48733717
0,48511815
-0,21795627
0,42836985
0,4358464
0,051807787
0,013364768
0,421225
0,14006925
-0,15126273
-0,35357618
0,04314269
0,36476254
0,32103175
-0,23489882
-0,30326223
0,040122382
0,44273236
0,30818686
-0,13693956
0,18178438
-0,35601377
0,14258583
0,114632316
-0,20174427
-0,048185106
0,22163817
-0,22212985
0,38530767
-0,26471278
0,13807327
-0,25982463
-0,18966572
0,21554178
-0,29310524
-0,14468685
0,4821686
-0,237391
-0,221611
0,39000216
-0,43747088
0,3533584
-0,099700995
0,3351596
0,36496085
0,060645208
0,20682128
-0,48647004
-0,4383101
0,27959496
-0,31497756
-0,24432477
0,07210074
0,24589795
-0,09320959
0,053818382
-0,26265836
0,33374602
-0,36101753
0,32223043
0,44578922
-0,44664267
-0,24022429
-0,24351753
0,19799325
-0,22444604
0,05779846
0,39030644
0,3933339
0,2557821
0,19476119
0,36134273
0,044121612
0,27662152
0,16926831
0,20968364
-0,34375754
-0,38404366
0,23614308
0,17833781
-0,053399045
0,2132715
-0,42417446
-0,29284465
0,124849744
0,16199984
-0,059465773
0,4898055
0,3685371
-0,2752188
-0,4664219
-0,30047503
-0,20103697
0,18173133
0,22424178
0,14601184
0,3417393
-0,4643165
-0,22621165
-0,11895171
0,10774675
0,16651843
-0,32647622
-0,34421545
-0,1134253
-0,01314096
0,23227678
0,045422684
-0,2168668
0,15155141
-0,3716242
0,34097117
0,12024286
-0,13311884
0,21141672
0,066359535
0,17767072
0,32067528
-0,08846462
0,3669017
-0,042545207
0,026017454
-0,013084018
0,021395167
-0,434825
-0,48181683
0,2235032
0,19743235
-0,22498745
-0,42841646
-0,3650791
-0,19945501
0,013836552
0,26141745
0,036135137
-0,37690493
-0,45170844
-0,02151633
-0,47799027
0,058848042
0,31481934
0,08663346
0,26527262
0,2894979
-0,22701743
0,051593345
0,13038817
0,17372769
-0,29672712
-0,26944217
-0,38137284
0,407586
0,06822957
0,37196782
-0,089624286
-0,39363837
0,11492283
-0,07062523
0,29647097
0,12262004
0,42499173
-0,23395194
0,081152275
-0,0684997
-0,16319588
-0,2617946
-0,41172948
-0,309331
0,48046955
0,075610615
0,31261528
0,11154189
0,015711246
0,4051716
0,38930452
-0,36915264
0,13520844
0,007723616
-0,21497689
-0,2174215
0,4186217
-0,22078432
0,42731294
-0,13631003
-0,08787221
-0,46084428
-0,3083713
0,49729475
0,33179954
-0,31809288
-0,07257754
-0,20530486
0,24849522
-0,13547987
-0,101884775
0,0023535986
-0,27115202
0,34283632
-0,12001228
0,0326372
-0,100874685
0,17871183
-0,47798163
0,4150657
-0,1281124
-0,47945377
0,22114494
0,43346903
0,20984736
-0,0053966767
0,12572762
0,4489855
-0,039830074
0,1171827
-0,0941883
0,16354357
-0,11147629
-0,23435196
-0,13791585
-0,32468328
-0,22129177
0,037435073
0,37947783
0,1788905
-0,22087364
-0,30468956
-0,3251518
0,028188521
-0,016359504
-0,110339776
-0,17445593
-0,24794206
-0,30168113
0,2621623
-0,0059779477
0,17165034
0,25688776
0,25144288
0,49658924
-0,18358108
-0,38177198
0,35960132
-0,30478948
0,16271718
-0,14503157
0,12831569
0,4438061
0,42036328
-0,35803747
0,11707905
-0,22976768
0,39814872
0,297833
-0,019701688
0,10427656
-0,48736626
-0,46759897
0,40089077
0,21412762
-0,10130081
-0,35094267
-0,4889505
0,020693285
-0,3557839
-0,3800054
-0,081930466
-0,33000013
0,48283306
0,008548492
0,44460058
0,37622067
0,22861491
-0,2881953
0,43055648
0,36163014
-0,040581446
0,20960876
-0,039750427
-0,1670552
-0,08898506
-0,40078893
0,44686824
-0,22486408
-0,31412762
-0,021335706
0,05600706
0,15477222
0,27806893
-0,47307503
-0,40696567
0,46353507
-0,028940199
0,30808097
0,30576807
-0,23274076
-0,056598306
0,058206167
0,47339132
-0,014898835
0,20988104
-0,2985186
-0,03651945
0,16864988
-0,09361598
-0,097907074
-0,15005362
-0,039056506
0,4371754
-0,059504155
-0,2958308
-0,34168604
-0,3485683
-0,23769929
-0,3953634
0,27312452
-0,2595599
-0,21881525
0,26087603
-0,23322885
-0,4864363
-0,2130952
-0,324184
0,19772673
-0,085526556
0,26499724
-0,36175072
-0,29220483
-0,39855674
-0,49489892
0,016382575
-0,006256275
0,26823542
-0,14484534
-0,30898783
-0,4413562
-0,043230493
-0,04097449
-0,27893874
0,24570948
0,24040535
0,23217738
-0,33174932
0,338193
-0,007025678
-0,4172536
0,4267126
0,3034544
0,36464253
0,3927257
0,45967185
-0,34767544
0,078782365
0,4986646
0,18928309
0,17487344
0,18205068
-0,31271783
-0,28037196
0,07764658
-0,32779646
0,07431643
0,19293614
-0,22534591
0,3506978
0,17557931
-0,44073468
0,008472169
-0,22322655
0,26024562
-0,23072001
0,43744248
-0,009795617
-0,36431262
0,4879868
0,44567692
-0,20948662
-0,22910702
-0,2465778
0,4286765
-0,35519585
0,049286786
0,40943843
-0,4894026
0,3767252
0,42278814
0,2855099
-0,09667212
-0,4264872
0,22869512
-0,4778923
0,12974085
0,17317763
-0,43918988
0,44193628
0,26345363
-0,35921818
-0,041920297
-0,47625336
-0,4605629
-0,2495642
-0,40238956
-0,16897191
0,35574037
-0,28264508
0,071148925
-0,014889678
0,025067547
0,12905003
-0,33893746
0,0475778
-0,2795957
0,46093938
0,046435848
0,28059247
0,26625496
-0,1267421
-0,29419258
0,36862662
-0,36392355
0,021455698
-0,30531833
0,38975775
-0,13091649
-0,09737989
-0,034638178
-0,13909683
-0,2542133
0,36816067
-0,14726618
-0,0785676
0,17092673
0,45340282
-0,36106083
0,41813913
-0,26750365
-0,24485978
0,45680755
0,18763359
-0,39552253
-0,09413753
0,066844605
-0,21308921
-0,100038745
0,48941544
-0,47636774
0,19416294
-0,17039049
-0,30687165
-0,4014596
0,27685872
-0,22886369
-0,39866877
0,44919953
0,054605678
-0,26284543
-0,0372331
0,41230515
-0,0427745
-0,21596363
0,012572789
0,15440796
0,37148687
0,31755763
0,39986166
0,02083228
-0,22792359
0,48626906
0,42998216
0,49611264
0,2144102
-0,378897
0,2341511
-0,2556571
0,48193407
-0,031843282
-0,29669398
-0,36604214
0,35012978
-0,03515391
-0,3999273
-0,2526296
0,46014026
-0,29730245
0,09174893
0,090535946
-0,20030302
0,10683375
-0,3750846
-0,33323002
0,20220701
-0,0569722
0,4551376
0,11216214
-0,12838872
0,4259684
-0,49404314
0,2661116
0,24249245
0,29747513
0,39496273
0,22505827
0,31940576
0,32750887
0,37401855
0,24733852
0,351812
-0,09345204
-0,26813126
0,38267332
0,21280308
-0,0254241
0,34811556
0,014739217
-0,35244414
0,32200631
0,36537826
-0,11886616
0,27603292
0,30489016
0,14670713
-0,46261963
-0,24185774
0,28370282
-0,3533916
-0,062020298
0,26093954
0,4228031
-0,23218685
0,12985454
-0,37512416
-0,25134254
0,0352613
-0,36071402
-0,20540503
-0,48874593
0,14664963
-0,25551364
-0,25111574
0,15447797
0,2891032
-0,13634844
0,49614304
0,49315545
-0,34670424
-0,10243208
-0,37010676
-0,017604847
0,31470752
-0,056047734
-0,030117305
-0,27229443
0,14726275
-0,45758906
0,07318071
0,05756629
-0,18061599
-0,17253989
0,015671743
-0,32512495
-0,19214667
0,08871246
0,23710054
0,27354595
-0,11478523
0,3551787
-0,48801264
-0,4327983
-0,0035691382
-0,1622096
0,26482773
-0,00077378127
0,092111886
-0,28860596
0,047797997
-0,38362968
0,4377714
0,3194516
-0,34946197
0,25748956
-0,43661714
0,30318844
0,4939988
-0,47431824
-0,024346573
0,37656602
0,1670458
-0,48416844
0,117819324
-0,42671275
-0,26272723
-0,11886435
-0,066848405
0,023139914
-0,13229597
0,08760361
0,06872111
0,1571085
-0,2873575
-0,014567564
0,116996415
-0,07355725
0,16689114
-0,050099738
-0,3372245
-0,23084182
0,45681044
0,3938253
-0,42482775
-0,12853944
-0,02457676
-0,12950335
0,3078779
-0,43885905
0,3830681
0,21702775
-0,17841779
0,021315988
-0,03313827
0,25423166
0,035760567
-0,47044364
-0,104752794
0,2401456
0,04662546
0,045576278
0,23897837
-0,4168174
-0,09772307
0,26433888
0,23697323
0,18076546
0,4267517
0,23029195
-0,014610378
-0,13436411
-0,3797453
0,3083511
-0,19697702
0,1959857
0,3639411
0,44958684
-0,3368811
-0,3488027
-0,16984406
-0,23018873
-0,094654895
-0,25662178
-0,27099097
-0,32032892
-0,37960303
0,48133323
0,39485082
0,46882048
-0,26739198
-0,46139354
0,49969634
-0,4811994
-0,16367279
-0,18344262
0,39245665
0,3395363
-0,13328499
-0,32605147
0,29143724
0,36111322
-0,2020255
-0,2672715
-0,4512543
-0,15672931
0,38718978
0,09657037
-0,18513486
-0,33913246
0,25336146
-0,2711619
-0,49278837
-0,12574394
-0,44946733
-0,23250562
0,23696628
-0,33010322
0,054320596
0,44280428
-0,14045665
0,11573199
-0,02067824
0,4259929
-0,088806726
-0,08886318
0,15016738
0,3223274
-0,44044602
0,15607366
-0,2552496
0,2964309
0,077649064
-0,16768028
-0,17239718
0,0064381673
-0,2328084
-0,32549384
-0,22529574
0,10687317
-0,26108176
0,03297079
0,1555384
0,24526809
-0,24883106
-0,3244101
0,25858936
0,4708834
-0,2560495
0,3034204
0,29306102
0,28643763
-0,17954437
-0,35135132
-0,3128378
-0,07713493
0,20416734
0,42135397
0,13996644
-0,1409306
0,29844946
-0,38043517
0,26026875
0,36056754
0,40051037
-0,38312483
0,15315072
0,44634867
0,3029417
0,33107758
-0,20438617
-0,06605594
-0,4841302
-0,03303308
0,49781308
-0,34004968
0,49779478
-0,33862147
0,14260022
-0,2559156
-0,21376927
0,2511249
0,23273844
0,041066788
-0,4601267
-0,29468197
0,48750895
-0,1606657
-0,4399263
0,052756224
0,21619205
-0,0035300883
-0,35680637
-0,14387427
-0,2742283
0,1641422
0,43118736
0,3407089
0,40902072
-0,47864535
-0,48276925
-0,39622873
-0,24265094
-0,3685627
0,35478547
0,28684133
-0,06556243
-0,14155088
-0,4399841
0,39490828
-0,13182724
0,30947742
0,3739454
-0,22695948
0,16053678
-0,44469437
-0,47959775
-0,21104863
0,10285075
-0,16600248
0,29437375
-0,28103578
-0,08703928
-0,045579936
0,18867768
0,15733653
0,35193256
0,32063037
-0,4828006
0,40278074
0,23074248
0,31981653
-0,12570715
-0,47109863
-0,42848164
-0,30655855
-0,2654969
-0,25991878
-0,45209673
-0,0212087
-0,07167122
0,32010427
-0,368655
0,10070775
-0,05180138
0,4810665
0,4033375
-0,32304183
0,340388
-0,3679602
0,086709306
-0,3975167
-0,0385951
-0,1612279
-0,48506474
-0,2687175
-0,35835695
-0,24569097
0,44488645
0,01934253
-0,19149664
0,08922697
-0,11743701
0,14322412
-0,46892017
0,06473342
0,31180245
0,12982707
-0,4500926
-0,47579068
-0,19269554
-0,41661477
0,45997113
0,3825986
-0,47572562
-0,009918479
-0,2973109
-0,2749454
0,32495418
0,12132974
0,095163666
0,1640811
0,26258585
0,16057229
-0,08049995
0,3779351
0,1602786
0,009355162
-0,44919756
0,059828628
-0,057626273
-0,026631022
0,39609724
0,42505607
0,17819637
0,27859953
0,24404879
0,06588885
0,21279196
-0,48561984
-0,39640749
0,07275403
0,03844767
0,3373422
0,3287246
0,28683499
-0,2586062
0,029269055
-0,002937812
-0,45127326
0,026847381
-0,3332623
0,39918685
-0,3791985
0,47783327
0,40885916
0,436991
0,30799013
-0,2377719
-0,26033294
-0,04565794
-0,11871229
0,18224853
0,4039309
-0,1559744
0,075515576
0,121357255
-0,278058
-0,06749157
0,40197754
-0,13392933
-0,34826663
-0,18093981
0,22627468
-0,4819364
0,29635838
0,48728114
0,45876145
-0,30103266
0,045177847
0,3170785
-0,0098037645
-0,28122857
0,29580465
0,25209156
-0,34264043
0,44195497
0,41754115
0,06540089
0,26484013
0,17296268
-0,40603763
-0,010891249
-0,43606657
0,40459418
0,4815086
0,33794072
-0,08159697
0,33449116
0,3246695
0,47472993
0,3975098
-0,3180655
0,05252769
0,3278041
0,32221323
0,0054638186
0,13517614
0,34146082
-0,062777326
0,1266125
-0,23354624
0,4963511
0,4991888
0,08839784
-0,35506654
-0,24952893
-0,1072451
0,49773762
0,15683915
0,28209487
-0,07180411
0,18145657
-0,16784424
-0,28054497
0,33408532
0,40379536
-0,26870668
-0,19717848
-0,2357616
-0,23877002
-0,05571496
-0,013910976
0,37890464
0,41513154
0,41311687
0,14665325
0,12112106
0,32565358
0,43977
-0,44126076
-0,40053585
-0,14283635
-0,046391077
0,13341813
-0,29959702
0,33200142
0,45628926
-0,14822513
-0,13717473
0,35160786
-0,20480135
-0,18553142
-0,26093283
-0,17610684
0,31940413
0,4633105
0,2605764
0,43019018
-0,14419192
0,41061613
0,0055889464
-0,33302265
0,3240857
0,4115409
-0,29558146
-0,10122105
0,32249478
0,2862378
0,00973069
0,18795423
0,3010687
0,26468143
-0,38324857
0,25933033
0,29039326
-0,04329213
-0,06414585
-0,49068677
0,04057808
0,111620985
-0,20233674
0,08669139
0,3892795
-0,0160904
0,13323192
-0,08819722
-0,01179277
0,0666936
0,49321654
-0,24284795
0,40436977
-0,21478033
0,13243812
-0,17466867
-0,22338611
0,10654543
0,0030808577
-0,1834496
0,38120517
-0,32720757
0,31878763
-0,017984778
0,28209233
-0,14924824
-0,22517505
-0,46964
0,30552003
-0,09944512
0,008886536
0,28281376
0,2589851
-0,35668653
0,33166814
-0,14463207
0,07548746
-0,12347418
-0,442803
0,25979802
0,44060338
0,16725346
0,2715329
-0,060549945
-0,106613554
-0,4907309
-0,47263384
0,26911974
0,0040450227
-0,001998496
0,1500381
-0,12714015
0,17860053
0,2691128
-0,2679052
0,040054128
-0,2653878
-0,28623822
0,257049
-0,48898965
0,48446992
0,058094308
0,113332465
-0,44016978
-0,2717753
-0,22808066
0,46169427
-0,35840484
0,028235594
-0,4947552
-0,28064913
-0,21080178
-0,12943138
0,41709757
0,22220118
-0,4238678
-0,38467982
-0,070716016
-0,37011787
0,3590581
-0,41508138
-0,49794447
-0,3450234
-0,44341877
-0,42865676
0,33163172
-0,21597423
0,04509233
-0,14616802
0,40092626
0,07444596
-0,11279926
-0,2186151
-0,15320238
-0,36803174
0,3291526
-0,35964298
0,16895905
0,36367902
-0,08602545
-0,028840655
-0,13714284
0,17780387
-0,19402175
-0,0045977356
0,25043482
0,3555417
-0,3433972
0,3201645
0,21025568
0,36350477
0,046013292
0,17458245
0,48544383
0,48313877
0,38739341
0,1262095
-0,22679153
0,23606668
-0,30627468
0,27415815
-0,14630154
-0,45777154
-0,44271755
-0,013700772
0,20687988
-0,35496157
0,3970282
-0,02656041
0,10718
-0,19750842
0,06249067
0,17846419
0,20973818
-0,34188682
0,44810727
-0,4052148
0,39809692
0,20472589
-0,40453556
-0,16686985
-0,44981077
-0,37499806
0,15202785
0,30659327
0,4875406
-0,22405826
-0,221193
-0,21009853
-0,35597095
0,010483376
-0,25807258
-0,25758952
-0,23958655
0,23119166
-0,4866426
-0,4927778
-0,0979999
0,3717261
-0,28475899
0,18720962
-0,23443288
0,3334986
0,06833732
-0,39488226
0,39492318
0,27021977
-0,050682873
-0,45569134
-0,02526248
-0,27412662
0,43563724
0,1333275
-0,26280323
-0,4933148
0,30907056
-0,27876604
0,1367074
-0,4994964
0,06879604
-0,046740204
-0,47853893
-0,13134967
-0,23370497
-0,16824111
-0,14198
-0,3493869
0,037255537
0,032210473
-0,014752597
0,10184117
0,35503584
0,14832999
-0,3300075
0,0010037418
-0,35246766
0,124006875
0,31871685
-0,058444075
0,11169766
0,13391912
0,4897308
0,07974857
0,26477936
0,32407793
-0,030652458
-0,3145457
0,25744542
0,4749865
0,34585482
-0,20303872
0,27159673
-0,23194155
-0,38622627
0,23236282
0,3985112
0,28400272
0,077573135
-0,28730577
0,27758405
0,061472025
0,3620253
-0,009964983
-0,4685209
0,2969663
0,45429173
-0,44746572
-0,2126591
0,2505424
0,02195859
0,4100179
0,36500806
-0,47330076
0,3350008
-0,06861072
-0,18905142
-0,00925997
-0,4349786
-0,20549339
-0,35789675
0,06697392
-0,27416497
0,1598143
-0,44841945
-0,058675487
0,063474186
-0,22238147
-0,026557747
-0,32226878
-0,20377202
0,4603484
-0,40943557
-0,10874724
0,38239646
0,215504
0,015984265
-0,31504592
0,13641363
-0,17162612
0,28015777
-0,2809581
-0,28748697
-0,068326324
0,14078103
-0,20624155
0,3171234
0,45779687
-0,13592869
-0,45896193
-0,05195981
-0,43463126
-0,07906383
-0,25376874
0,13389303
-0,41708717
0,34035516
0,07824253
-0,008952839
0,34667712
-0,27014515
-0,1158655
-0,33557114
-0,22141981
-0,01770678
-0,36661124
0,314149
-0,26802194
-0,30843157
0,41803056
0,2556753
0,25915143
-0,3810759
0,2762023
-0,26707608
-0,17500287
-0,10811748
-0,019348778
0,18281302
0,48271474
0,16669169
0,3577817
0,075761594
0,48288372
-0,45164415
0,014926147
0,06558276
-0,14189339
0,24698472
0,090339504
-0,18610278
0,2601029
0,40702745
0,3291942
0,47268924
0,3399593
0,12130696
-0,051058825
-0,36064023
-0,16606468
-0,02653202
0,49063432
-0,22716558
-0,12857291
-0,48422372
-0,09621659
-0,10209345
0,3921904
0,3868364
-0,39847648
-0,06418548
-0,22265519
0,15177569
-0,095564805
0,11623178
-0,11286088
-0,23064062
0,24160427
-0,4683373
-0,3018125
0,23868667
-0,4539616
0,35494637
-0,49537122
-0,36216813
0,26986495
-0,45021588
-0,032777138
0,15056373
-0,44898093
-0,17805332
0,47474054
0,14970581
0,40766636
-0,23457105
-0,41556552
0,2442254
-0,14748055
-0,4607038
0,43094075
0,44981816
0,0890243
-0,0072737895
0,429143
-0,47245684
-0,028757157
0,32324022
-0,007688275
-0,38164064
-0,34806547
-0,36496893
0,21529359
0,47472635
-0,092973776
-0,14034621
0,43316758
0,47775137
-0,22087058
0,44621718
0,46099073
0,42651713
-0,22262877
-0,3609043
0,44642514
-0,47976026
-0,19361447
0,004683563
0,3567005
-0,35924268
-0,37905467
-0,29389253
0,33756524
0,30637097
-0,37575066
0,30009833
0,41984534
-0,2930797
0,11574016
-0,443226
-0,3425999
-0,21539208
-0,122152604
-0,21115975
0,25585395
-0,0028606285
-0,2648099
0,43383166
0,056872066
0,089128636
-0,07745108
-0,01985515
-0,217293
-0,1926705
-0,10278661
0,40234748
-0,054125387
-0,38834038
-0,21788631
-0,105195
-0,20079964
0,09783976
-0,42983624
0,32645902
0,44960082
0,40271264
0,026665753
0,01398479
0,45883542
0,085034385
0,043935
0,38225836
0,26461184
0,13362263
-0,2073154
-0,21385309
-0,16832337
-0,47891515
0,4312428
-0,070108786
0,23279877
0,36366457
0,15705237
0,217544
-0,14294505
0,2813036
-0,14999028
0,2883854
0,13479197
-0,052850783
0,47832066
-0,48515433
-0,051133968
0,3490791
-0,19205172
0,2795856
-0,20375928
0,35457286
0,37290686
-0,062344752
0,24662055
-0,27272162
-0,3303209
-0,18588984
0,19276072
0,4317611
0,30601364
-0,34906018
0,27968985
0,12980525
0,13822441
0,07462449
0,39105546
0,23260185
-0,34629905
-0,017851396
-0,3930187
-0,31322956
-0,27417973
-0,44928443
0,36346006
0,05928292
0,034880776
0,2735444
0,301279
0,23136704
-0,29370713
-0,42321882
0,36934355
-0,06845107
0,057509806
0,021193793
-0,2524806
0,41645044
0,38440847
-0,28001556
-0,053209342
-0,32868487
-0,1429494
-0,043472372
-0,12048387
0,25884664
-0,06243801
-0,2392129
0,20808323
0,36972365
0,151429
0,40473625
0,3483043
-0,42145723
0,20047963
-0,47196463
0,09940191
0,093913026
-0,16986199
-0,38986364
0,20171013
0,45694077
0,43266898
-0,022105588
-0,09698477
-0,47402737
0,43268207
0,02565459
-0,12421899
-0,2119502
0,30890805
0,14767791
-0,059621263
-0,41237414
0,3630043
-0,14477272
-0,24187592
-0,3418543
-0,023828106
-0,22225074
-0,1233051
0,00024949174
0,057612423
0,30220187
0,39736035
0,40897226
0,4966601
0,101495266
0,05088739
-0,3054421
0,4826661
0,26624742
0,166063
0,22900124
0,45400432
0,43078828
-0,016388645
-0,0867039
0,26335007
0,02993054
-0,4073277
-0,45755377
-0,2127156
-0,027409602
-0,47825542
-0,45221543
0,021578552
-0,058626786
0,07428956
-0,2581821
0,2586865
0,1549331
0,06642862
-0,18375586
0,022853615
-0,3597133
0,27795884
0,039175734
-0,41693544
0,0905169
-0,3244266
-0,43851557
-0,14205499
-0,03903402
-0,32821175
0,37786332
0,32899457
-0,34252796
-0,3649881
-0,39612648
0,42552766
0,0040961234
-0,24650453
0,3056449
-0,055016987
0,4679285
0,48877156
0,45077503
0,4628105
-0,029868292
-0,43703687
0,3641391
0,15253805
0,08560626
0,28214133
0,473651
0,1209835
-0,10679448
0,38049877
-0,17461368
0,11653027
-0,43713787
0,104976445
0,28044587
-0,013427527
0,493067
-0,06307744
0,42566535
-0,4859789
-0,18084483
0,25397095
-0,20494717
0,3211977
-0,3429845
0,37953517
0,32363868
-0,43778238
0,19580501
0,45951113
-0,11604368
-0,24471802
-0,098837435
-0,40251416
0,09433813
0,0063053644
0,47184607
-0,24599895
-0,48139706
-0,24551295
-0,26854175
-0,14108634
0,49034017
0,042828646
-0,07700025
-0,4146296
-0,24041076
-0,08701788
-0,055320773
-0,44909164
0,23064068
0,38538954
0,043165956
0,15937157
-0,035461422
-0,08690898
0,49090478
0,012819732
0,122970715
-0,47892424
-0,3436603
-0,26075298
0,056523312
-0,3279169
-0,106936246
-0,40390313
0,1997426
-0,24138838
0,12531056
0,09149217
-0,057531733
-0,023498964
-0,471025
-0,082997024
0,17979376
-0,20251134
0,42474297
0,007309504
-0,38787484
-0,41117892
-0,07104453
-0,37571776
0,17571814
-0,026993042
-0,26735663
0,057601362
0,27860668
0,22711658
0,18617643
-0,073561
0,03038355
0,4190882
0,054879196
0,18715747
-0,35512328
-0,3525255
-0,22508086
0,303938
-0,11541192
0,16962944
-0,33156094
-0,1432016
-0,30559418
-0,2688153
-0,38995633
-0,4793377
-0,13964945
-0,39519265
0,42237568
-0,104879625
0,28549817
0,36606786
-0,38084862
0,3197963
0,2580532
0,45166868
0,0633457
-0,027840918
-0,19796824
0,20806292
-0,002076219
-0,4868771
-0,46680808
-0,1507012
0,16036117
-0,10900565
-0,22898988
0,41711798
-0,42505756
-0,41113058
-0,40179038
0,3620558
0,44657713
0,070215724
-0,45085746
0,27028376
0,11553994
-0,04006128
-0,3737823
-0,22698803
0,48805243
-0,37088835
-0,009358222
-0,2794927
-0,20176141
-0,05571468
-0,4764971
-0,41584304
-0,28051355
0,07313545
0,38608432
-0,22044916
0,15697911
-0,4608485
0,38098416
0,45099726
-0,38336366
0,059289433
-0,120780356
0,34860718
0,26365414
-0,2050443
0,32228884
0,14856611
0,4363605
-0,4783279
0,47796756
-0,097925015
0,262113
0,43442822
-0,23749585
0,0026884007
0,28837514
0,33835867
0,31052595
0,37384194
0,36631736
0,12867336
-0,039614137
-0,17368424
-0,41992435
0,16009076
-0,039388217
0,2802249
0,13410793
0,4165261
-0,021706147
-0,3810575
0,06158565
0,1744748
0,10712269
-0,18888333
0,48979622
-0,27119562
-0,2347052
-0,031977117
0,28932986
-0,3538836
0,3774083
0,103515506
0,020341737
-0,18601802
-0,33708984
-0,07140128
0,21143161
-0,03173918
0,25593787
0,12301718
-0,002028255
0,104169436
0,16259998
0,2830268
-0,28314453
-0,11486326
-0,023766719
-0,24897058
0,16334818
-0,3153593
0,14174418
0,45999187
0,4215057
-0,26449406
-0,19621904
-0,002469819
-0,32397604
0,3676218
0,27090353
-0,35025108
-0,23109743
0,20171048
0,3307786
-0,061910976
-0,027893737
0,044390664
-0,23903191
0,34663945
-0,17426464
0,37799174
0,39230394
0,47995934
0,31691495
0,41602772
0,34783518
0,07656174
0,47404614
0,20490421
-0,4071915
0,14626199
-0,4282397
0,22880039
-0,22583356
-0,40477008
0,15159473
-0,22145694
-0,11577197
0,27116224
0,4284169
-0,12441865
-0,49508077
0,2583977
0,28448847
0,095487654
-0,42953843
0,48996434
0,48449644
-0,24324842
0,44007885
0,4878121
0,29220545
-0,38789797
0,28579393
0,44665486
-0,23720817
-0,048295327
-0,44156185
0,1684414
0,11003614
-0,21717851
-0,008986518
0,4862656
0,026661891
0,19644569
0,39725146
0,060055774
0,23767322
0,36436665
-0,32813197
0,25945067
0,27737704
0,013706994
-0,3975423
-0,279443
-0,40376675
0,3130824
0,48234808
-0,30690804
-0,045527067
0,38599703
0,22117244
-0,46544427
-0,38398793
-0,15852003
0,23333001
0,08676657
-0,006433111
-0,4583388
-0,43136296
0,25463182
0,34360725
-0,32986006
0,42304447
-0,48768118
-0,28795576
0,061528325
-0,22340013
0,46015656
0,04208147
0,11809519
0,21328482
0,29521608
0,21317029
-0,24701494
-0,38264057
0,44606325
-0,07636746
0,104881376
0,32613933
-0,10415632
0,00964407
-0,017394574
0,24635114
-0,33001447
-0,36284503
0,0956328
0,41920948
-0,41974357
0,38593948
-0,107418895
-0,09863632
0,092713095
-0,20375349
-0,30652896
-0,16948478
0,38953477
0,4456431
0,29829833
-0,44130695
-0,04710924
0,156487
-0,48074794
-0,26515415
-0,27733177
0,33547866
-0,2202423
0,37375873
-0,106818035
0,3107566
0,18768683
-0,0951346
0,46109632
-0,12898923
0,3998595
0,15589927
-0,38919622
-0,4145162
0,120360024
0,30850562
-0,24293172
0,022645807
0,3626465
0,3723172
0,35482618
0,2483648
-0,16980626
0,20088466
-0,21632464
0,027469452
0,34288803
0,15958305
0,22971115
0,0221945
0,48301542
-0,29654488
0,22239836
-0,11201325
-0,25030842
0,11211289
0,25168768
-0,38073233
-0,48278034
0,3998238
-0,10481864
0,37051255
0,0053551625
0,3292096
0,40148363
-0,4074074
-0,011786344
-0,17221491
-0,13447481
0,037635926
0,46830752
-0,023849744
0,30222505
0,07826115
0,23570453
0,47358766
-0,1552113
-0,19902797
0,29432252
0,041149236
-0,24850707
-0,19849335
0,32948872
0,037482746
0,47523293
-0,07361161
0,03935801
-0,49580607
-0,2881362
-0,17945261
0,026656704
0,14626196
-0,3348507
-0,04948611
-0,45681098
-0,013145463
-0,15985373
0,12791288
-0,32601362
-0,45756117
0,387228
0,14406998
-0,05792203
0,38622552
-0,40192255
-0,089591235
-0,46744853
-0,029202811
-0,2530775
-0,41440976
0,4365262
0,34352908
-0,17597002
-0,34452903
0,3128077
-0,10753374
0,01338442
0,41674593
-0,3360211
0,37117386
0,23547657
0,20351997
-0,42574927
0,36996132
-0,055099946
-0,15184139
0,12902687
0,2937565
-0,260713
0,047828943
0,15514092
0,17189065
-0,09036489
0,41541213
0,4748675
0,35837814
-0,31410956
-0,19890164
0,4638775
-0,29533467
0,30864406
0,44616044
0,31438434
0,40086794
-0,24257545
0,10036764
-0,047082104
0,18944192
-0,22046897
-0,2598604
0,045142476
-0,48561487
0,26581338
-0,39183614
0,09257745
0,10640097
0,26630133
0,3350213
0,09959638
0,47539052
0,15817751
0,20393023
-0,21277948
0,32681733
-0,25078207
-0,42825574
0,4733191
0,25698417
0,22143036
0,25321862
0,19121848
-0,022700217
0,1208234
-0,05478039
-0,014766164
-0,079959355
0,47744974
-0,19825585
-0,49990928
0,38388243
0,21538706
-0,15848811
0,16216378
-0,40649384
-0,35551172
0,016914334
0,28434563
0,38057756
0,26297227
-0,36036274
-0,3472819
0,18961893
-0,17022039
-0,3055618
-0,45785177
-0,32358426
-0,2668547
-0,15550609
0,3592811
0,37252137
0,38748607
0,020983603
0,12600452
-0,3687867
0,06674481
-0,22725146
0,028049532
-0,16121534
-0,2484444
-0,40556934
0,36336187
0,35675043
-0,41322315
0,25637186
0,18939741
-0,37159127
-0,21765113
0,32748866
0,20919295
0,20405382
-0,37325358
0,095106
0,43511093
-0,33413988
0,43694255
0,024486134
0,10594553
0,24195409
-0,2162779
-0,37642133
0,34804016
-0,41209728
0,37773225
-0,019185465
0,4952636
-0,3011341
0,2241142
-0,27182737
0,33050182
-0,39372244
0,21757992
0,10867508
0,19663496
0,38204125
-0,17093489
0,2986539
0,15217008
0,3865235
-0,054797594
0,35805333
-0,1550098
0,13256937
0,15909263
-0,013629963
-0,12839316
-0,3799343
-0,09414605
-0,41156143
0,45311975
-0,22767955
-0,041767508
0,13054073
-0,10759475
-0,14274023
-0,2539653
0,35853076
0,37285116
-0,4527147
0,18928733
0,09618358
0,47071132
0,09512958
-0,28826302
0,2087915
0,31750485
0,20584531
0,3222722
0,15769528
-0,21205635
-0,4253741
-0,22794896
0,4213726
0,3344518
0,3862708
-0,3761547
-0,031043988
-0,46648875
0,08256436
0,36759377
-0,48322806
0,26267847
-0,14263439
-0,17445356
0,42377615
-0,16762227
-0,16315472
0,3941732
0,029371891
0,08202356
-0,29649958
-0,10249745
0,1395954
-0,37313983
0,44505498
-0,4046047
-0,22243935
0,3121956
0,32174242
0,25567782
0,23468131
-0,10635496
-0,45760247
-0,2825724
-0,42311773
0,046585098
-0,08823871
-0,4574646
-0,05481151
-0,29384482
-0,48451057
0,2505589
-0,12060668
-0,013529522
-0,04600901
-0,029355757
-0,15571088
-0,015494145
0,28031403
-0,12458578
-0,17278022
-0,27532357
-0,25073716
0,12197004
0,028613044
0,17311026
-0,43208227
0,33598566
0,4293239
-0,1671228
0,3859105
0,49859917
-0,045810778
-0,26023197
-0,3450752
0,44637364
-0,3448336
-0,4213004
0,31612253
-0,033120587
-0,1935723
0,11257186
-0,35851082
0,3652883
-0,048599597
0,4799963
0,3297059
0,107824154
0,3842185
0,47120687
0,4873
0,015999256
-0,46366566
-0,37303334
-0,23695497
0,16591612
0,26559216
0,22315738
-0,4050178
-0,05461555
0,24676766
-0,4824142
0,29198378
0,06657257
0,32203102
-0,2806221
-0,49213362
0,04260242
0,49775094
-0,085577935
0,4473064
-0,36307913
0,2950399
0,3973363
0,14240287
-0,16713707
0,34452838
0,047596037
0,4105614
0,052195914
-0,23961847
0,17386848
-0,061335754
0,1903687
0,26849774
-0,041159857
0,278429
-0,1271143
-0,33171389
0,109375335
-0,16725855
0,16546275
0,40501824
-0,03838266
-0,49238458
0,36428216
0,08220065
-0,11067261
0,3417825
-0,12908049
-0,26819137
-0,4730451
-0,3460017
-0,21063311
0,35708955
-0,2835546
-0,30872768
-0,31596002
-0,039470475
0,06662938
0,48646763
-0,15716974
0,2562899
0,17645903
0,42179495
0,35672835
0,046173412
0,4726593
-0,27278972
0,39787424
-0,26693934
-0,11410151
0,204485
-0,11946175
-0,008728262
0,086614385
0,34091705
0,23150215
-0,20278662
0,4728013
-0,31091538
0,112152785
0,21779332
-0,42840335
0,44634748
-0,17059444
-0,4805249
-0,3829567
0,27127016
-0,1127735
-0,32694706
0,21530505
-0,007717454
0,21559985
0,04017584
0,002403938
-0,116844
0,3507861
0,011142401
0,353139
0,34888363
0,25663096
-0,051427055
-0,26780912
0,44943082
0,046188843
0,06961373
0,1281077
-0,026643354
-0,3035098
0,3338309
-0,114601694
-0,09565205
-0,38437498
-0,49753225
-0,26519516
-0,103359014
0,4859017
0,4667903
0,35613173
0,025209252
0,17631571
-0,30343914
-0,0040566553
0,4131977
-0,30953893
0,15226449
0,39163813
0,3480457
0,4284046
-0,23243412
0,26844886
0,2226294
0,3682652
0,1272093
-0,046454996
-0,06501714
0,43434733
-0,24779305
0,33584523
0,49911606
-0,097586155
0,4872674
0,38309968
0,44169855
-0,1897311
0,37189737
0,27164415
0,4765616
-0,47711748
-0,11596901
-0,40110278
-0,34874228
0,3445437
0,46478954
0,2085984
0,33794048
-0,048328836
-0,12289315
0,28328854
0,44602203
-0,18641841
-0,49225014
-0,2146218
-0,34247464
-0,1573698
0,24406622
0,26791844
0,4739545
-0,15607166
0,34369949
-0,20066121
0,10888522
0,2696228
-0,085889764
0,27147892
-0,35207984
0,056386262
-0,3595803
-0,15962015
0,037990432
-0,38006297
0,28486255
0,47578347
0,24614652
-0,07980648
-0,0054161996
0,33296433
0,28292745
0,37402976
-0,19057022
-0,07244239
-0,31200218
-0,17860131
0,38836864
-0,3940615
-0,3334044
-0,18350425
0,22294994
-0,37257054
0,43673456
-0,4430911
-0,20740587
-0,15410018
0,32313812
0,31129614
0,31148025
-0,19225688
0,3857247
0,42122898
-0,49549502
0,19481346
0,32379374
0,4597129
0,005411711
-0,007576186
0,00026283532
-0,23984084
-0,232095
-0,34033483
-0,03517449
0,17944327
0,12846383
0,10080067
-0,36350015
-0,009255285
0,063850775
-0,41750452
-0,4906787
0,2636761
0,18592128
-0,49574095
0,20675619
0,41662797
0,47577497
0,20371993
-0,13840503
0,40350774
0,2016558
0,13072464
-0,45684415
0,44878238
0,19591752
0,17126481
0,39834166
0,46761155
-0,33040398
-0,08191628
0,14367923
0,11242829
-0,16031069
-0,24729064
-0,498532
0,44400176
-0,025422422
-0,4706099
-0,460588
-0,17565276
-0,48591748
0,0797382
-0,39221224
-0,091208264
-0,2205903
0,39228156
0,3668168
-0,44827938
-0,4984784
0,43286803
0,024956236
-0,27860695
0,49334627
-0,43843418
0,4339634
-0,0062736347
-0,108909
-0,45403165
0,10660874
-0,05319057
-0,096217945
-0,049839064
0,014424749
0,2845002
-0,20968264
-0,23286232
0,08972783
-0,1290211
-0,32754046
-0,22903539
0,39869723
0,18874317
0,15493825
-0,27442896
-0,35783514
0,11582892
-0,24374254
0,052542433
0,48905793
-0,46650445
-0,41976532
0,45395893
-0,24258386
0,3075073
0,05529418
0,021297416
0,41508484
-0,44117755
-0,19754328
0,17698291
-0,3741826
-0,097108915
0,09792924
0,17554049
0,21154761
-0,36421353
0,0110615855
0,24916573
0,39281407
-0,100579925
-0,25608084
0,19643033
-0,35242027
-0,28733793
-0,17741124
0,47503853
-0,009621582
-0,38288105
-0,491719
-0,446058
-0,060418032
-0,2552207
-0,4607091
-0,41693243
-0,17702946
-0,34051883
-0,43950891
-0,10512788
-0,10300457
0,29981706
0,1904564
0,42510283
-0,2715586
0,41481948
0,028946526
-0,42175037
0,109349415
-0,126124
0,2699615
0,32102776
-0,32125378
-0,21779211
0,43020156
-0,40364146
-0,13628256
0,17510028
0,11386007
-0,3594666
0,32267538
-0,47958004
-0,31330588
-0,44686893
-0,035580087
0,11785662
0,24264912
0,4626876
-0,36134627
-0,15374509
0,38719305
-0,15453887
-0,24305724
-0,17140785
-0,11147617
0,13617758
-0,04086316
-0,24264148
-0,26195017
-0,28330797
0,49672964
0,11156317
0,3049949
0,0013061579
0,009758945
0,17045258
-0,091387235
0,19837935
0,26479045
0,16551368
0,23678151
-0,29832917
0,21379693
-0,06368041
-0,21894763
-0,40889612
0,23036991
0,37530875
0,3022988
0,35251072
-0,1731101
-0,34032694
0,06984036
0,33715677
0,31621212
0,42640388
0,32532716
-0,011960973
-0,29076028
-0,43040887
-0,1922906
0,22329912
-0,49993718
-0,48553157
-0,4706494
-0,26528075
0,2512903
0,3479136
-0,27209714
0,17711765
0,11737837
0,46027794
0,3155253
-0,16392374
0,1974538
0,26838878
0,18296714
-0,02844824
-0,018199036
0,3066658
-0,06855054
-0,006182388
-0,06941053
-0,21406633
0,4276777
0,44387636
0,2576216
0,15583353
-0,13384543
-0,16856465
-0,33788264
-0,47133937
-0,35073933
-0,46859378
0,38946098
-0,14881656
-0,38703105
-0,4482968
0,013528389
-0,19018404
-0,23406835
0,40761465
0,1600855
-0,109946154
-0,45482504
0,37970716
-0,4699428
-0,35803398
0,23355132
0,35016623
0,41429922
-0,40798384
0,2700183
-0,49186835
-0,041691877
-0,10724773
0,4105828
-0,16386575
0,15182418
-0,4515235
0,43240604
0,3949375
-0,480273
0,018830832
0,18320169
0,48974344
0,20206396
-0,29535827
-0,30747607
-0,0944708
0,49705866
-0,05576245
0,25760654
-0,11129654
0,3883144
0,4715445
0,26626903
-0,1141335
0,43793112
0,41381276
0,060608845
-0,3226368
-0,062749766
0,25640097
0,041003007
-0,29518172
0,27962983
0,08353105
0,27021143
-0,3430423
0,3984552
0,49819282
0,28066772
-0,23628035
0,2851323
0,3585074
0,14356048
0,18044299
0,27472818
-0,17638054
-0,109167226
0,23662648
0,13895294
-0,32893604
-0,16012627
0,12646353
-0,44673467
0,46305797
-0,1089801
0,19168775
0,46868825
0,39830068
-0,40835527
-0,3801417
-0,2460717
0,38470435
-0,4679107
0,33317435
0,23590967
-0,3977373
-0,44549844
0,31341973
0,40879345
-0,2777506
-0,36914176
-0,41759363
-0,45495534
-0,4193369
-0,0864372
0,34372893
0,19628674
0,32020926
0,22240074
0,23740345
-0,11085159
-0,17807099
0,06764418
-0,17394704
-0,30778378
-0,07530997
-0,08913114
-0,46381405
0,16134407
0,30106893
0,4976635
-0,34639484
-0,066341475
-0,05501673
-0,3354414
-0,11388766
0,34459564
-0,12733623
0,35206583
-0,3162105
-0,3339638
0,17250304
0,3726515
-0,33696592
0,124948084
-0,32449389
-0,3488485
0,072489224
0,095945545
0,032461565
0,47556967
0,46723318
0,42494136
0,059715755
0,42967775
0,43733308
0,31180698
-0,28758448
0,43167326
-0,19266887
-0,3503007
-0,069228224
0,024233026
-0,06968308
0,16335309
0,39013442
-0,07734503
-0,3436882
-0,4510503
-0,10350177
-0,13119933
0,108723655
-0,02186482
-0,4218837
0,14127563
0,053543836
0,026144078
0,34441277
0,3765201
0,47849452
-0,44322556
-0,10354205
-0,0013574299
-0,34175825
-0,43524078
0,3873537
0,47512817
-0,46289715
-0,10919622
-0,20613359
0,37975127
-0,10156433
0,23096605
0,34252247
-0,48647654
-0,304254
-0,40403786
0,15478247
-0,073545866
0,013138425
-0,41171804
-0,0029765912
0,13703418
0,20888239
-0,033698246
-0,4694852
-0,25598425
0,38294426
-0,36975795
-0,17050551
-0,006802905
-0,39659938
0,17775312
0,32494998
0,33722016
-0,37058616
-0,018517165
-0,21442698
-0,48369968
0,032729227
0,4340118
-0,17832108
0,36766288
0,06635888
-0,20434205
0,38952464
0,37881377
-0,22495717
-0,48277345
0,14903887
-0,08355679
-0,20722394
0,45114192
0,16186087
0,4289001
-0,03843957
-0,05179661
-0,16143242
0,46733984
-0,4461767
0,41420066
0,009682092
0,15576968
-0,10805601
0,3349496
-0,45113298
-0,24476342
0,18327506
-0,20845598
0,4473417
-0,387951
-0,1380423
-0,46292812
0,19912952
-0,29373562
-0,4935869
0,12898268
-0,0069158575
-0,3365934
-0,49544886
0,4101668
-0,4717722
-0,44654343
-0,030294733
0,057305712
0,31079012
0,33166733
0,44913605
0,14770138
0,036247034
0,29328188
0,2431634
-0,45181182
0,2893418
-0,053095028
0,23940879
-0,025014117
0,21677689
0,42515886
0,30659696
0,03162509
-0,24278936
-0,027496448
-0,24293943
-0,19354951
0,4301247
-0,1351165
0,42226353
-0,2401826
-0,36607566
0,21296348
0,109748565
0,16534208
0,37654573
-0,26667336
-0,39406493
-0,034028206
-0,23509705
0,018183235
0,024563223
0,2813556
0,06887985
0,19970416
-0,2325536
-0,02150026
-0,03108757
0,23463057
-0,49811068
-0,04217939
-0,39324597
0,21558586
0,19828598
0,17350276
-0,0033270598
0,058001764
0,2426272
0,47225112
0,17591113
0,11177015
-0,23511681
-0,19986258
-0,21292564
-0,24728079
-0,13925341
0,20312895
0,316942
0,32764846
0,07195689
-0,37825713
-0,273233
-0,37175643
0,09424704
0,2633095
-0,0075250985
-0,21353318
-0,3368729
0,07688812
0,1827451
-0,4097548
0,24231184
0,1648366
-0,3742598
-0,26809552
0,4838858
0,18237107
0,49143916
0,10647628
-0,17287178
-0,20829786
0,41963685
-0,29162323
0,11756425
-0,28984156
0,2606158
-0,20962302
0,083774954
0,26471668
0,2774063
0,27612534
-0,38730162
0,082145676
-0,24481943
-0,39728454
-0,008980048
0,06752516
-0,30986163
-0,12517944
-0,07399371
0,36574134
0,32148644
0,3761383
0,09525315
0,2305176
-0,3367105
0,3637976
-0,34583747
-0,18599968
-0,18489783
0,4469674
0,21821712
-0,24892402
0,0059743053
0,3850096
0,31663588
0,047193795
0,48069814
0,03734545
0,36219865
0,3149513
0,4866167
0,44774288
-0,18933578
0,008251312
-0,19110522
0,046579555
-0,40811467
-0,49840307
0,1090524
-0,17420878
0,015793707
-0,23997389
0,317784
-0,42942366
0,2702076
-0,4698632
0,4131468
0,13872582
0,44205913
0,2503606
0,07196434
0,43885022
-0,18889642
-0,4423211
0,49401245
0,46303555
-0,25637424
-0,016907392
-0,07664736
-0,49349797
0,39739892
0,09688416
-0,046172455
-0,46608245
0,40543988
0,026102407
-0,129792
0,45492518
-0,2641288
0,40596965
0,2182122
-0,21124053
-0,08128022
0,49195382
0,10344158
0,32907543
-0,23743448
-0,14584678
0,03003791
-0,30776334
0,056129325
-0,0155863715
-0,19086581
0,3308067
0,024880236
-0,44038478
0,30304387
-0,11889569
-0,13936903
0,49643353
0,02519301
-0,29893
-0,34278637
-0,293613
-0,29571855
-0,19577615
0,06925599
-0,14091286
0,20284604
0,45003703
0,41955173
-0,052755356
-0,33538193
0,018248426
-0,047822237
-0,3870562
0,17685148
0,26063222
-0,119151674
0,12353974
0,4440819
0,40390033
0,17889675
0,49607193
-0,24965256
0,44853526
0,36548454
-0,22188552
-0,22875723
-0,29074416
0,19874951
0,3078768
-0,21268404
0,16863695
0,30723962
-0,4753763
-0,42316657
-0,24549308
0,07558696
0,4464053
0,022100925
0,11748365
-0,09173565
-0,03692521
-0,46647003
-0,19458546
-0,35727298
-0,49181762
-0,03986777
-0,28452873
0,22446758
0,39158416
-0,35089427
-0,098551825
-0,33933204
-0,21276619
-0,13373774
0,09053875
-0,07137739
-0,028356703
-0,23856063
0,32478136
-0,3353187
-0,25749707
-0,4131456
-0,12708597
0,35744113
0,16544144
0,34994534
-0,08314941
-0,47712302
-0,28455704
-0,30243596
-0,34469804
-0,30558273
-0,099295385
0,030172613
0,29179883
0,23017037
-0,4460918
0,18711607
-0,13800652
-0,24178703
-0,13666116
0,19568184
-0,031249806
0,017986013
-0,04572458
0,007023445
-0,05565649
0,04343198
-0,16320427
0,049325775
-0,03962525
-0,17329101
-0,21951014
0,23107505
0,35751843
-0,23982084
-0,44046497
-0,38212228
0,19144875
-0,030509034
0,04196131
-0,14935005
0,103441715
0,4711563
-0,27392745
-0,34082088
0,022183042
0,26501623
-0,22058079
0,25176272
-0,012107282
-0,122272626
0,16308974
-0,02478186
-0,10210416
0,28548643
0,46411204
-0,48263416
-0,18494922
-0,18646838
-0,20826076
-0,43759444
0,3299717
-0,26755676
0,13218927
-0,26088962
0,18997404
-0,4015102
-0,43980262
0,1082304
-0,15330692
0,47279322
-0,16967481
-0,07075734
-0,3323267
0,108005844
-0,031938635
0,008480887
-0,257773
-0,017438881
0,242524
0,3584504
0,11990675
-0,3499881
-0,1460357
0,27705327
-0,090229735
-0,26949877
-0,47716054
0,18823607
-0,041350428
-0,36646396
-0,17667791
0,26156816
0,29586658
0,37977788
0,31845057
0,33029732
-0,07644852
0,49734843
-0,25993118
0,47112283
-0,029338483
-0,19179204
-0,20491835
0,17911862
0,221342
0,32635456
-0,18374147
0,33471394
-0,0042211623
-0,06455039
0,42391852
0,060065705
-0,049835015
-0,11754749
-0,24615705
0,20546696
0,14281267
0,1600749
0,46439946
0,23757209
0,26791662
0,3384524
0,47557575
-0,218479
-0,13785611
0,24104138
-0,25164768
0,18133788
-0,26260817
0,09634682
0,40952384
-0,49461964
0,19503279
0,39607945
0,41087353
0,34636396
0,29555193
0,35829136
-0,17122729
0,1126495
-0,050806805
-0,19764699
-0,20205046
0,45570695
-0,19562414
0,24437451
-0,34835148
-0,32469237
0,08522604
-0,0902021
-0,40926632
0,4193595
-0,069628984
0,34881416
0,043443114
0,16619238
-0,37818518
-0,23518401
-0,11119115
0,4597482
-0,25885347
0,025024522
0,20745815
0,38172948
0,37167495
-0,21185973
-0,08517127
-0,49271405
-0,28849754
-0,12904538
-0,34658858
-0,14174746
-0,2314856
0,24310713
0,3338957
-0,14268151
0,4382296
0,42372543
-0,042782288
-0,33371553
0,32136202
-0,21583524
-0,27673763
-0,3464031
0,075818844
-0,34974945
-0,39117286
-0,22436681
-0,15535256
0,4533679
-0,11641732
0,27825913
-0,39231145
-0,07565134
0,155517
0,36106846
-0,3505791
-0,2823697
-0,42949522
0,47005767
-0,1829257
-0,48699573
-0,44040537
0,3261219
-0,16791542
-0,20490023
0,363143
0,041502785
0,39761445
0,10110815
0,4261303
-0,37653476
0,4642211
-0,44631496
0,11091196
0,13561264
-0,2529055
-0,28877527
0,10654091
-0,44736132
-0,41070706
0,037127487
-0,23783591
0,17501576
-0,34933716
-0,07285257
0,24874727
-0,08047105
-0,13827306
-0,25156066
0,35354418
0,04373956
0,45451158
-0,2952377
-0,39231873
-0,360327
0,06848959
-0,13920358
-0,48047894
0,21094292
0,37341085
-0,13029392
-0,10872114
-0,04594295
0,46162868
-0,49890247
0,40596387
-0,48494232
0,16844374
-0,46095622
0,0044893627
-0,21486145
0,3946377
-0,14854205
0,31686646
0,4353801
-0,38824537
-0,24808365
-0,42963433
0,22914176
0,30377865
0,008552125
-0,16500403
0,2789343
-0,35570994
0,437437
-0,46613663
-0,27445817
0,26654303
0,069249004
0,12782587
-0,24342383
-0,14020777
0,09402778
-0,0017949293
-0,28028256
0,43987295
0,02282396
-0,1681847
0,49916324
-0,3615703
-0,21853076
-0,41064057
0,47884253
-0,29413992
-0,113669656
0,42477083
-0,37317264
-0,34012753
0,36942375
0,42731568
-0,16740891
0,37795156
0,47573042
0,4825766
0,097541094
0,020732773
0,4729043
-0,3820728
0,1698308
0,4390612
-0,16961223
-0,022437213
-0,2679984
0,49211904
-0,18922646
0,49583536
0,202547
0,2713535
-0,020358797
0,2771163
0,46094477
0,13738778
0,13939928
-0,18729752
0,24174319
0,1447871
-0,29502302
0,49403766
-0,15481177
0,28098238
-0,1374829
0,08146336
-0,12342311
0,33460304
0,3063092
0,071037985
0,23294462
0,22973725
-0,17322887
-0,23391071
-0,38712594
-0,46256948
0,24343371
0,11778899
0,42708316
0,067842446
0,16710718
-0,37310544
0,18675897
-0,16204779
0,04728506
-0,356488
0,24702863
-0,2188759
0,3346591
-0,35277563
0,10535645
-0,03695118
-0,058625877
-0,15077715
0,16457753
0,062498424
-0,2176689
0,27989736
-0,22270194
-0,46823308
-0,44409725
0,21187346
0,18328607
-0,22442839
0,4289369
-0,20045668
0,3995751
0,4444983
-0,33695117
-0,08831389
-0,15296733
0,4036837
0,4049183
-0,048381276
0,06350108
0,17952147
-0,15390378
0,07225778
0,4354244
0,08157365
0,175627
-0,31676275
-0,10236161
-0,41252354
0,41970402
-0,44231597
0,15366669
0,09567341
0,13731973
-0,34023353
0,111873046
0,08019076
0,39657623
0,12726621
-0,4337859
-0,25786582
-0,050424986
-0,23814063
0,42416915
0,28048578
0,098684005
-0,22925715
-0,17873669
0,39574796
0,39947778
0,24496546
-0,2607517
0,074510045
0,22402343
0,37838995
-0,28454772
0,3497675
-0,04218417
-0,4955212
0,21515797
0,40846822
-0,19344242
-0,49228856
-0,099879645
0,111994185
-0,1900269
-0,45807987
0,17379408
0,10066909
-0,31279224
0,45924726
-0,3247651
0,4793405
0,06123454
-0,2925635
-0,022226684
-0,30861267
-0,07626026
0,1139343
-0,49852395
-0,19606887
-0,15764059
0,29746836
0,009381115
-0,1506476
0,34803268
0,04325575
-0,28482577
-0,41412827
0,19676648
0,02398234
-0,23835893
0,0236433
0,40973654
-0,44040418
0,49175316
-0,3125492
-0,41950926
0,3550338
0,23517679
-0,17335175
0,20936449
-0,34561467
-0,39917588
0,07656235
-0,4179927
-0,24780838
0,47973987
0,05586087
0,08527715
-0,386442
0,25493327
-0,2291191
0,2646249
0,23518613
-0,19028461
-0,48109508
-0,068673834
-0,010340629
-0,18080902
0,3668548
0,12759905
0,15390816
-0,18791065
-0,42685172
0,054935507
0,4893035
-0,3650334
0,19163293
-0,4767585
-0,019335983
-0,08757508
-0,18176036
-0,31182674
0,20322193
0,43330055
0,19379841
-0,26100597
0,3737747
0,3010599
-0,169407
0,14279063
-0,032573868
-0,03284256
-0,36414486
0,15406162
0,12741399
-0,034217168
0,17986724
-0,45975235
0,37062323
-0,14843607
0,43238005
0,13829595
-0,070930734
0,038936004
0,24751307
0,19383225
0,40733123
0,29039726
-0,20627199
-0,021871485
-0,38949972
0,058963772
-0,4897247
0,18845955
-0,41699696
-0,43056935
0,2635754
0,043887764
-0,130802
-0,028696641
0,089878336
0,37554732
-0,003444283
0,3603369
0,26526588
-0,40929744
-0,49024817
-0,05760723
0,20959395
0,4239534
0,06065579
0,34390098
-0,23048636
-0,026776962
-0,47625697
0,0026583872
-0,4042381
-0,03272702
-0,40232712
-0,057748698
-0,4090039
-0,36706427
0,37884054
0,21737725
-0,058512256
-0,40524435
0,4722974
-0,3927334
-0,0013679726
-0,30464944
-0,43089086
-0,07272009
-0,3207542
0,12639706
-0,017327555
0,16231689
-0,20935063
-0,23551612
0,25333005
0,019179337
0,014581505
0,32535124
-0,14742401
0,3633821
0,3604067
-0,20383443
-0,21910645
0,34998974
-0,17476545
0,08233872
0,39176714
0,4902544
-0,027095025
0,48516604
-0,0016175542
-0,16304772
-0,23739722
0,27406865
0,30001578
0,27106175
0,2544815
0,15816198
-0,14370239
-0,16616601
0,2633836
-0,16965792
0,48615342
0,36840734
0,030651575
-0,25380427
-0,49547476
-0,2747675
0,020132346
-0,4161637
-0,20403957
-0,16882373
0,30566636
-0,029028455
-0,17019944
-0,16400538
0,123874836
0,49807903
0,117657185
0,29724112
-0,470269
-0,11379181
0,45586252
-0,23648587
0,254301
0,4944518
0,045460075
0,060808443
0,10095682
-0,03297065
0,16782907
0,2783953
0,33298066
-0,074916154
0,2751327
-0,16032228
0,16719502
-0,038240146
-0,073531985
0,34304452
0,447408
-0,06482065
-0,37265557
-0,19133668
-0,16021086
0,13226922
-0,46688074
0,20147285
0,07538062
-0,37213048
-0,030154718
-0,44114277
-0,17353632
-0,12290701
-0,36498544
-0,048487816
0,28601936
-0,03134017
0,46470872
-0,10623658
-0,31346375
0,4658442
0,24282946
0,32577315
0,20744278
0,19095266
0,14469138
0,3116653
-0,34662375
-0,021713108
-0,4222351
-0,4681269
0,41498265
-0,3689089
0,26008898
0,41925246
0,4693491
0,35046136
-0,49409732
0,11812159
-0,30964056
0,36409318
0,30318186
-0,3826621
-0,046223108
-0,24959134
0,23798527
0,21330883
0,08084713
0,074188404
-0,41855907
0,17726345
-0,16464828
-0,11070522
-0,14878877
0,32241687
0,251448
-0,098797254
0,1735251
0,41844416
0,48884144
-0,4035253
0,39993903
0,014451944
0,17458881
0,25242254
-0,41866252
-0,22082591
-0,4496239
-0,16659112
-0,45917034
-0,22350514
-0,0024596767
0,32037127
0,36736736
-0,003187395
0,07469328
0,04565492
-0,29539043
0,2271019
0,2555082
0,24447858
-0,39571843
-0,11713328
0,20703937
0,12205986
0,07628789
0,33038968
0,4433782
0,18514748
0,042360377
-0,45008048
-0,23071066
-0,062238976
0,26552644
0,087657265
-0,34189966
0,040243246
-0,21130566
-0,1101554
0,16669644
-0,35721275
-0,0005943507
-0,46942243
0,39552465
0,38410518
0,45480278
0,10600825
-0,11039564
-0,30735007
-0,16040294
-0,37758058
0,3279146
-0,06884082
0,25042367
0,0033038405
0,2043862
-0,23227113
0,07666898
-0,07134252
-0,36844197
0,42082608
-0,36973938
0,35856497
0,11596018
-0,17510593
0,23560788
0,4868901
0,15353614
0,4469922
-0,4060418
0,42745805
-0,47686642
0,17151645
0,2540299
-0,37670368
0,16623734
0,16894138
0,12065351
-0,094400726
0,2414491
0,3243107
0,2729422
-0,024810767
0,10357427
-0,39135504
-0,37712768
-0,108231135
-0,29050294
-0,21166165
-0,37775275
0,31226227
-0,06783398
-0,40617713
0,24086274
0,38384855
0,4515268
0,20159787
-0,32376856
0,40091068
-0,06300006
0,026925456
-0,37145686
-0,47253004
-0,15476689
0,05586579
-0,3497324
0,12679383
0,49513817
-0,31847736
0,12333013
0,13184407
-0,18300611
0,051049177
-0,019868085
0,46604788
0,14319293
-0,42464042
-0,3057723
-0,38549358
0,45036525
0,16695444
0,22447832
-0,0827537
0,0425312
0,079378664
-0,33799532
-0,106456496
0,44055608
-0,060279418
0,48434988
-0,10077099
-0,36840263
-0,020110497
0,28911427
-0,035347514
0,3132983
-0,3006103
-0,023985669
-0,0059634866
-0,34378624
-0,4544138
0,33659658
0,1517997
-0,013702009
-0,032205377
-0,02671654
-0,17923811
0,38203177
0,41001952
-0,15387803
0,19169688
-0,24919328
-0,19258745
0,19143139
0,26055837
0,045077007
-0,4478169
-0,07486436
-0,21185984
-0,29305613
0,45874563
0,2881612
-0,3733459
0,21871205
0,28808308
0,2989309
0,28266612
-0,044564318
0,23597895
-0,49636006
0,458892
-0,14348045
-0,11995884
0,16449393
0,45324782
0,048897937
0,18750271
-0,30683565
0,10250365
-0,28232405
0,09779554
0,06752554
-0,2790365
-0,49751127
0,26370952
-0,49776474
-0,13633667
-0,30353627
0,25616595
-0,3109668
-0,20966043
-0,0997616
0,18981028
-0,47681934
-0,15824248
0,4856185
0,4125105
-0,41873324
0,3730176
-0,27205464
0,21533534
0,11984136
0,3644369
-0,4144916
-0,40218574
0,0508877
-0,0435517
-0,22830018
-0,35359925
-0,29681423
0,40141085
-0,105635695
-0,27405223
-0,35408664
-0,49525344
0,020053864
0,23584686
0,36611304
-0,36692706
-0,4286414
-0,1930661
0,49630588
-0,2737193
-0,49524954
0,10637223
0,14087312
-0,16179998
0,49265528
0,26961365
0,2702533
-0,3387517
0,27928528
-0,1588437
-0,19418588
-0,49442878
0,1494773
0,32023582
-0,26758996
0,27680174
0,15613216
-0,04845547
-0,4075725
0,2321522
-0,38179925
-0,28509593
0,24051905
0,20596224
0,044108488
0,24993485
-0,15430366
0,21689518
-0,43412045
-0,2635794
-0,4373313
-0,25504842
0,47007605
-0,4463742
-0,13947664
-0,2677743
0,06571814
-0,4292766
0,29089233
0,07801388
0,44989792
0,44283524
0,45304772
0,08312764
0,45958483
-0,38048276
-0,33457085
-0,2598908
0,25582635
0,30627024
0,36972877
0,24647272
0,26356018
0,45692736
-0,18705934
-0,05077315
-0,35769778
-0,3465002
0,4113863
-0,124563634
0,08736478
0,43837214
-0,34360686
0,2856222
0,07652537
-0,40946355
-0,32805136
-0,08810103
-0,04157651
-0,014560367
0,27486908
-0,4923339
-0,27588743
0,27071795
-0,015849397
0,0434448
-0,088627286
0,25768045
0,25381622
0,12062303
-0,34992155
-0,48611593
0,15559205
0,3164224
-0,14504232
-0,31239715
0,33645025
0,14097662
-0,46209598
-0,023433864
0,034480274
0,20964259
-0,45575956
-0,20993765
-0,17829683
-0,29655704
-0,29623017
0,08010456
0,25497025
0,16454858
-0,052228704
0,3856839
-0,3048477
0,047319606
0,23124354
0,38747454
0,010643235
0,06555944
-0,3499659
0,003130015
-0,073316075
0,09076444
0,1735843
-0,47866496
-0,41467524
-0,4939415
-0,37077782
-0,018369429
-0,14728212
-0,023046417
-0,0008492463
-0,28506353
-0,24616311
-0,13994016
0,040517233
0,41724366
-0,21757357
0,17362906
0,3700104
-0,17921484
0,19423181
0,2190306
0,35408834
-0,41961718
0,17708743
-0,33266568
0,1085521
0,41049013
-0,32075006
-0,33764362
0,3964288
-0,04762741
0,3432638
-0,45370385
-0,19144802
0,2676016
0,056134664
0,050668694
0,41494894
-0,41618833
0,3416833
-0,48470813
-0,10333616
0,23269977
-0,38383076
-0,051680934
0,22998941
-0,08606312
-0,28520408
0,050087202
-0,09275024
-0,12354138
0,26426587
-0,28541932
0,03181378
-0,44717768
-0,043436646
-0,055884577
-0,09679619
0,16668116
-0,19187224
0,4999789
0,047432274
0,2532506
0,08878325
0,15606847
-0,39411548
-0,36054477
0,3073467
0,24781264
0,29651555
-0,36154908
0,21045956
0,404164
-0,17161128
0,12952143
0,062432237
-0,035759266
0,23253374
0,14938438
0,3621911
0,35900778
-0,02592177
0,16443062
-0,4570182
-0,4585094
-0,1306282
0,14562973
-0,32167444
0,26269993
-0,052120186
0,276438
-0,16208862
0,13769421
0,3829873
0,018150566
0,3559549
0,33872733
-0,15913258
-0,013984642
0,31767285
-0,1436048
-0,10687045
-0,21609126
0,2372687
-0,00089106406
-0,47416627
0,32877097
-0,32565722
0,039996583
-0,45412752
0,43703645
-0,23699586
0,17790933
0,399758
0,12464151
-0,48271614
-0,20385428
-0,16812254
-0,44088727
0,22463426
-0,08436992
0,08514808
0,24349476
-0,3872773
-0,40839732
0,45275146
-0,04388066
0,35283828
0,23867738
-0,39627823
0,3705455
0,15312833
0,034297824
0,3349317
0,30661058
0,4812349
-0,33682072
-0,2652802
-0,17291254
-0,13140696
0,30135158
-0,2774201
0,11353563
-0,08260388
-0,4021901
0,43254578
0,28185403
0,4346063
0,1376202
0,068717025
0,10105637
-0,1858847
-0,14984833
0,39653355
-0,45007586
-0,017139105
-0,48337585
-0,4924057
0,41591957
0,047310807
-0,18959661
-0,2699667
0,2939232
0,13471413
-0,045297984
-0,37424657
0,103555635
0,12565762
-0,07238893
-0,25402325
-0,30381143
0,40650198
-0,16720234
-0,3985219
-0,21565409
0,10947481
-0,14857663
-0,19766694
0,28617
0,03967736
-0,3675948
0,32716355
0,26138073
-0,06029483
-0,20725298
0,33576146
0,20480365
-0,49865684
0,43632975
0,4047633
-0,12576383
-0,32400042
-0,33219355
-0,14222111
-0,017884916
0,11505393
0,38409528
-0,2937261
0,2799455
-0,32935295
-0,2001043
0,3813103
-0,12084576
-0,10722927
-0,3945022
-0,09464404
0,3459308
0,48661438
0,31077278
-0,164264
-0,25732467
-0,37304595
-0,48696616
0,073666506
0,36378285
0,4660333
0,029085351
0,4776786
0,027338428
-0,19277467
-0,08547058
-0,43011484
-0,46165344
0,37547085
0,3482963
-0,104745604
-0,45036003
-0,24064103
0,18463385
-0,25139874
-0,22347434
0,27764997
0,27591404
0,43439978
0,046181947
0,060900558
-0,0261171
0,072889164
0,004099724
-0,23550405
0,008170562
0,21550415
0,43576047
-0,4784066
0,07163415
0,31481218
-0,083580464
-0,020154484
-0,33070996
-0,047413364
0,40843704
0,46872294
-0,18406133
0,0819662
0,24414656
0,039276183
-0,276734
0,48968384
-0,42240298
0,39766908
0,39583778
-0,09315437
0,47562033
0,063274756
0,34655735
-0,4289895
0,48394853
-0,40514493
-0,29222372
-0,073863246
-0,15761723
0,07576043
0,31939974
-0,24403712
-0,17256533
0,04846523
-0,066422634
0,0042337785
0,027799422
-0,29202932
-0,04250347
-0,09964489
0,32547987
0,2129109
-0,1209876
-0,24263191
-0,3868446
0,26316544
0,32036763
0,0054893787
0,49210012
-0,16052206
0,3517986
0,2940197
0,083503075
0,14493123
0,33287084
-0,2830799
-0,32390985
0,35599178
0,3306707
0,31784245
0,17809725
-0,09235891
0,20828268
-0,2820092
0,45911056
0,13419278
-0,42033735
-0,17250678
0,18869103
-0,19064231
-0,11659287
0,4179819
0,33375442
0,37962613
-0,32760432
-0,27469435
0,16354002
0,2218306
0,3707844
-0,05311901
0,009267098
-0,48072177
0,2633974
0,0027060036
-0,26083016
0,25546587
-0,49187538
-0,34847724
0,12524982
0,0706457
-0,44232926
0,43843144
-0,46641037
-0,13881055
0,4047528
-0,3039258
0,10258004
-0,39677736
-0,20721857
0,23637024
0,105330095
0,40881813
-0,20864789
-0,32937735
-0,49681515
-0,103218906
-0,09685904
-0,05875154
0,40313026
0,18220195
-0,4944724
-0,045884814
-0,38038456
-0,14612992
0,4943022
0,2288086
0,35603917
-0,15588543
0,3091472
0,11716329
-0,314489
0,06627411
0,3148252
-0,22447649
0,16688117
-0,22502963
-0,014422167
0,22564837
0,33870468
-0,2326355
-0,46951863
-0,2689664
-0,4000887
-0,31599602
-0,19715957
-0,07878383
0,1472487
-0,13262482
0,277817
0,3537536
0,4083605
0,26095432
0,35023457
0,25539416
-0,17298517
0,4894241
-0,29746705
0,17669302
0,42757735
-0,1916993
0,016600264
-0,011944605
-0,1787897
-0,27050227
0,0949698
0,44163656
-0,01651744
0,056661315
0,35820553
0,34148335
-0,13458702
0,3568438
-0,0006277862
0,4666514
-0,36421648
0,15417904
0,28402776
0,3865787
0,061158545
0,33692694
0,41035932
-0,4721879
-0,37275723
0,48305762
-0,40816274
-0,066636026
0,38977733
-0,1584753
-0,35222784
-0,3257207
0,104725115
0,271245
-0,05460801
-0,121377446
-0,11387134
-0,06707034
-0,12441324
-0,30222625
-0,22152355
0,15620501
-0,107337356
-0,16698036
-0,23973408
-0,4700573
-0,31721446
-0,26115054
0,130784
0,069838926
-0,20085561
0,12502988
0,17112133
-0,2249096
-0,40856147
-0,28218943
-0,30469614
-0,15591455
0,46747923
0,4574347
-0,31674638
-0,29978523
-0,023564922
0,3029685
-0,093202345
-0,49716705
0,038504634
-0,49860117
-0,35357618
-0,49355122
0,4899911
0,057531066
0,32882762
0,06594124
-0,23327887
-0,30889276
0,046937574
0,12232251
0,40190852
-0,18885621
0,32997784
-0,22341925
0,36965993
-0,23918147
-0,28063917
0,2440872
-0,11796374
-0,008401936
0,033844385
0,09575407
-0,3063837
0,12496817
0,33487847
-0,23050497
-0,41785738
0,41546118
0,37839785
-0,30066139
-0,3639703
-0,018558808
0,114535086
-0,14481907
-0,30766687
0,088072576
0,11352382
0,042932488
-0,22658855
0,25285482
-0,47310486
0,26861626
0,45320624
-0,3272378
-0,27622813
0,22073224
0,015411726
-0,22724107
-0,34875908
-0,40899402
0,20095365
-0,13715327
-0,3756717
-0,3388741
0,18735299
-0,004088708
0,28602841
0,23148932
-0,4497872
-0,47716695
0,48549014
-0,13585462
0,29491794
-0,47039488
0,021420205
-0,3865524
-0,3540929
0,4374622
0,19348599
-0,03462798
-0,20707977
-0,30247056
-0,1257033
-0,105232835
0,4377647
0,2935085
0,29981822
-0,35145652
-0,36522052
-0,13469173
-0,2614039
-0,27384415
-0,27511218
-0,12547614
-0,18118244
0,2455777
0,47388205
-0,09182429
-0,28206074
-0,08422901
0,031000573
0,1492535
-0,094109096
-0,22598954
0,28857374
-0,35951224
-0,068708055
0,00081625354
0,15721147
0,19689639
-0,47426474
-0,45196223
-0,07733591
-0,06583295
0,11189538
0,10375191
0,31684893
-0,35956404
0,287644
-0,23256555
0,36485046
0,44534895
0,27174246
0,1473166
-0,08733099
-0,45622018
0,48108634
0,056444183
0,061887722
0,4456306
0,42866215
-0,1889359
-0,488124
0,20409483
-0,24278337
0,43232062
0,03759123
-0,39063108
0,16642664
-0,0022342468
-0,31339163
0,036464248
-0,048338234
0,06315249
0,3917883
-0,28951386
0,28135535
-0,4712784
0,34943342
-0,1451162
0,06421329
0,48759565
-0,022618769
0,38974833
0,3293935
0,05154502
0,030713584
0,0011940505
-0,15585807
0,1992182
0,27821395
-0,024919627
0,13001814
0,29834402
0,19485019
0,34965938
0,4439722
0,39132795
0,49529195
0,078360364
-0,105561376
0,13911217
-0,2700378
0,37805554
0,03408266
0,09233892
-0,48276967
0,10962684
0,033902206
-0,07392614
-0,21071719
0,37299666
-0,40396369
0,31816256
0,45405945
0,3339088
-0,14440183
0,44875002
0,019250123
-0,11020664
0,17131914
-0,3929804
-0,22464572
0,08280723
0,11488192
-0,09189847
0,0696319
0,47880626
-0,3761938
-0,16315602
0,023258643
-0,103888914
-0,37914404
0,21945311
-0,4211806
-0,19059017
0,43793947
0,22626786
0,23871231
0,023704581
0,2851254
-0,2422109
-0,13254203
0,2793106
0,01886036
-0,11855559
0,3401507
0,3062906
-0,17891482
0,16927293
0,2953349
0,36319467
-0,40854573
-0,1913339
-0,37236768
0,012060023
-0,0859552
0,14541765
-0,42901483
-0,2850398
-0,37450925
0,08235464
-0,22118925
0,31949666
0,35455847
0,046092268
-0,40625435
-0,19729713
-0,41928378
0,059746213
-0,33084437
0,37334758
-0,20440556
0,3924537
0,049138572
-0,4893546
0,40686995
0,017188657
-0,18203896
-0,22503376
0,011045664
-0,13946277
-0,4626464
-0,4716681
0,08886402
-0,46161556
0,10277792
0,2704457
0,42526618
-0,46279922
-0,30528617
-0,47586054
0,36244082
0,071089454
0,10399226
-0,14611195
0,31102496
0,0018710815
-0,1718121
0,45180443
0,007540326
-0,24137974
-0,28675133
0,044641934
0,11457565
-0,25021583
-0,08046278
0,27300224
-0,2278679
0,14842212
-0,027296504
-0,12573414
-0,3623098
-0,06959637
0,4447554
-0,42180404
-0,32156882
-0,4773319
-0,43955132
-0,4953982
0,076928444
0,1042724
-0,027230917
0,32749414
0,13113317
0,01745863
-0,11112248
-0,061254814
-0,1117469
0,48249498
-0,19312978
-0,19044095
0,4483889
0,40740794
0,38725767
-0,40709484
-0,3682142
-0,019973341
0,42233777
0,1441973
0,2993824
0,22251077
0,24225813
0,1695448
0,26230222
0,38855857
0,3386888
0,1746279
0,1620918
-0,124528825
-0,3249946
-0,43471625
0,078211986
-0,29801434
-0,38800538
0,4250145
0,20579451
0,20435914
-0,02170985
0,29698643
-0,34543863
0,013035584
-0,38150868
0,35573032
-0,31591624
0,16577911
-0,27142608
0,26477596
0,40579125
-0,2597104
-0,035619576
-0,35251164
-0,08565747
-0,36664408
0,34366295
0,18768182
0,30001107
-0,42765266
-0,2814148
-0,2897136
-0,377314
0,035771035
0,24536316
-0,3061012
-0,071107835
-0,1894463
-0,35161784
-0,15757363
0,22597812
-0,40334168
0,08787794
-0,4821667
-0,04056759
-0,23488505
0,24902421
0,43231887
0,25902486
-0,43764138
0,22844279
0,14483121
-0,31119952
-0,4263054
-0,06823026
0,15486655
0,4769605
-0,20613985
0,13307774
-0,20132919
0,360814
-0,1527737
-0,20875779
-0,22096604
0,42715585
-0,3523537
0,017730605
0,06284702
0,3816549
-0,3984038
0,3554244
-0,2595336
-0,23261952
-0,035491608
0,23902532
-0,43867084
0,23343423
0,20523773
-0,20422187
0,43332994
0,06977964
0,24592598
-0,24913019
0,34417433
-0,10063684
0,43194526
-0,05720634
0,034421574
0,1094368
-0,18724725
0,38935342
-0,20793793
-0,45422062
-0,117284745
0,075085424
-0,20685047
-0,4247184
-0,29720345
-0,07465588
-0,3962358
0,4156781
0,46304116
0,4570291
0,34125137
0,36941376
0,114675425
-0,05125948
-0,37435028
0,26526353
0,4360365
-0,18552062
0,13275157
-0,28946584
-0,27887914
0,3063522
-0,08115137
-0,20283744
0,25414634
-0,10497095
-0,23728155
-0,4835306
0,26086643
-0,47673586
-0,44036183
0,028270943
-0,31396955
-0,48598012
0,44331425
0,027311513
0,21691786
-0,43661255
0,26681414
0,2006444
-0,44808796
0,26884174
0,4422267
-0,18322518
0,07519194
0,092212245
-0,2869968
0,4131176
-0,3206694
-0,31858134
-0,2747411
0,14428894
0,32081732
-0,021772044
0,2398238
0,2627279
-0,09188606
0,3113929
0,49568543
-0,21402013
0,40950894
0,28713048
-0,37369707
-0,14462274
-0,38764575
0,15502821
0,2936768
0,003135909
0,13387485
0,39991248
0,064775124
-0,29086962
0,45027325
-0,44616333
-0,30838647
-0,17893821
0,034078017
0,49785
-0,24168122
0,191992
0,08698575
0,05446038
0,27790213
-0,27777296
-0,30970716
0,05861972
0,14793943
-0,029394979
-0,35321015
0,34476203
0,15345319
0,16883518
0,15586966
0,37393832
0,2082145
-0,28368545
-0,36255008
-0,35277632
-0,06304739
0,010681654
-0,116038695
-0,42739034
0,081320174
-0,030808752
-0,30763388
-0,38990068
0,41063672
0,18236755
0,053160172
0,33397475
-0,2850415
-0,43722254
-0,40094087
-0,2849162
0,096907154
0,21463269
-0,22862928
-0,18980382
0,29824796
-0,26030973
-0,31118608
-0,17732292
-0,22190316
-0,3363488
-0,012154601
-0,3910094
-0,08636377
-0,16851114
0,36591068
-0,19685881
0,4806165
-0,21036771
0,13960373
-0,016682941
-0,24063303
0,14270493
-0,45859757
-0,18385255
-0,03584745
-0,2437851
-0,4013369
0,2603138
-0,09631599
-0,41288683
-0,39216122
-0,41448414
-0,054903895
-0,30004913
-0,14446172
-0,068756685
0,2657762
-0,057611153
-0,40638244
-0,49418634
-0,021930408
0,13305578
-0,3223314
0,10382291
0,2954381
0,1354059
0,23129667
0,48831177
-0,05633119
-0,38579014
-0,06984536
0,1642294
-0,017488088
-0,030916274
0,16684513
-0,32365733
0,010466634
-0,2123942
0,23886693
-0,33150813
-0,28130105
-0,09176183
0,36173984
-0,35148153
-0,36449352
-0,052567035
0,11345707
-0,30848485
0,020477895
-0,27826193
-0,3582306
0,05350166
0,026410464
-0,26443544
0,038403727
0,4403534
0,08500602
0,48822817
-0,058880094
-0,13384908
-0,068704255
0,49661884
-0,19216019
0,24817246
-0,25971
-0,40304974
0,38890433
0,07496744
-0,3858194
-0,24949399
-0,11216976
-0,13200799
0,023627898
0,2689316
-0,31529316
-0,4866288
0,4931274
-0,03259276
-0,27823353
0,41440052
0,43714026
-0,3625431
-0,046428103
0,19152091
-0,39714232
-0,12357715
0,49907535
-0,07949316
-0,3249914
-0,16531275
-0,22506058
-0,12877457
0,16182926
-0,074484125
-0,48749226
-0,06044224
-0,44493
-0,4179051
-0,09499831
0,15930632
0,4980175
-0,49170431
-0,050153278
0,1186286
-0,37332118
-0,4768954
0,33022428
0,36112958
-0,19288574
0,13366179
-0,23028344
-0,38060057
-0,25324437
0,4748626
-0,43174228
-0,4594517
-0,24527736
-0,17106344
0,0030921514
-0,49747157
0,3268604
0,049990132
-0,34578013
-0,035078242
-0,30780673
-0,06474637
-0,29225555
-0,009429238
0,38519287
0,104476824
0,0038350446
-0,21821846
0,4896944
0,034571078
0,43362728
-0,19505423
0,01586163
-0,12605827
-0,4478643
-0,042668987
-0,3978687
-0,071242064
0,3540461
0,11515271
0,09092061
0,19489712
0,4778255
0,43706852
-0,13874403
0,04916982
0,36485803
-0,30679417
0,05682991
-0,24435654
0,06778428
-0,2894007
0,0823088
-0,39225677
-0,044247814
-0,16886681
-0,25185028
-0,31886858
-0,33438164
-0,44158646
0,28155464
0,10752679
0,3672993
-0,056843627
-0,45582613
0,49044755
-0,18384252
-0,3779574
0,24571492
0,06293248
-0,16616842
-0,044915188
-0,34730512
-0,20825736
-0,20604753
-0,12586614
-0,30513427
0,06889042
-0,008737595
0,30671543
-0,056858093
-0,33491018
-0,21487084
-0,3020964
0,27086377
0,46436873
0,4013886
0,056604423
0,117643446
0,46702453
0,33061033
-0,4043514
0,30444518
0,12051883
0,3570458
0,12208232
0,06502601
0,43932003
-0,30744815
0,36767474
-0,19749926
-0,09324871
-0,43441492
0,3125407
-0,47491542
0,20376252
0,4038836
-0,2317567
-0,21111083
-0,31372198
-0,15743235
0,44190192
0,17231384
0,4260144
0,14853343
-0,29084614
0,25036225
0,3492345
-0,045283128
0,41188657
0,121757686
-0,12349881
0,2709749
-0,38853025
0,050648015
0,13272098
0,30914226
-0,39730817
-0,011646618
0,45646298
-0,21950221
-0,35090488
-0,28193477
0,33843902
0,48558876
-0,28478333
0,2001104
0,01417138
-0,10089393
0,12507752
0,21119058
-0,2985987
0,3213829
-0,18943475
0,4907548
-0,007692212
0,29475254
0,46705896
-0,39407483
-0,32821426
-0,39154056
-0,19190474
-0,056620963
-0,04869001
0,08307394
0,0053559323
0,014912963
0,11914982
0,22892594
-0,23407684
0,09011091
0,18114485
0,35147431
-0,4467604
-0,21975313
0,1109483
-0,22075847
-0,17762008
0,14959669
-0,20741606
-0,1615025
-0,30294096
-0,35915986
0,3540122
0,113253005
-0,49963468
-0,038079638
0,47228795
0,35450372
0,07173877
-0,400055
0,43200573
-0,2838035
-0,2698545
-0,49562296
-0,34803087
-0,0022283704
0,2097912
0,34290594
0,066348515
-0,39337122
0,32853782
-0,46922302
-0,21649408
-0,068499796
0,39796802
0,45076782
0,14963199
0,4656049
0,30118906
0,27109337
0,41679937
0,25268516
-0,07612465
0,1787989
-0,024495367
-0,07672949
0,28777704
-0,072354764
-0,027844034
0,4961309
-0,08083722
0,48629853
0,42782462
0,32887083
-0,124049515
0,09593178
-0,32371947
0,38563105
-0,27394614
-0,12807827
-0,07329538
0,49132407
-0,4876797
0,23735176
-0,15107454
-0,30605984
-0,26742283
-0,34318125
-0,41942146
0,42610928
-0,3345724
-0,32876316
-0,3967202
-0,12150292
0,03799715
0,0033123773
0,15834938
-0,44040862
-0,23352517
-0,3347694
0,13410789
0,39033392
-0,13734233
-0,005485279
-0,291057
0,1331178
-0,3644113
-0,4505311
0,2371957
0,22946334
0,0969973
0,36851728
-0,34350753
-0,32813781
0,19541402
-0,2126415
-0,46933824
0,20565292
-0,47112605
0,44790325
-0,117737405
0,21155806
-0,16557686
0,36855248
0,26843914
0,35728085
0,43333277
0,33464244
0,056407556
0,20522961
0,30287188
0,36655238
-0,31744018
0,48848346
0,3905401
-0,078133024
-0,1475414
0,49248502
0,06544453
0,41165483
-0,39633882
-0,21388894
0,039534386
-0,47802088
0,041940134
-0,35078192
0,12138432
0,38682622
0,13003434
-0,33242688
-0,446286
0,35388684
0,044862725
0,40958422
0,05250866
-0,08337408
0,010356535
0,49712762
-0,41332233
0,103371814
0,024006307
0,014308177
0,15353656
0,17263386
0,025418986
-0,21520892
0,054883875
0,4013676
0,05802903
-0,053703666
0,12901019
-0,33709767
0,4161579
-0,39175707
-0,31915846
0,3411104
0,20107646
0,22447918
-0,13622227
0,16488284
-0,3903954
-0,17291239
-0,048721656
0,47873774
0,10040712
-0,41913563
0,17009133
0,4005483
-0,11834406
-0,052357383
-0,3870304
0,015576044
0,3643155
0,11945304
0,40526327
0,21577528
0,43276492
0,48481476
-0,28207365
0,22949556
-0,22883375
0,36518416
-0,009343496
-0,32795173
-0,15699817
0,30876592
-0,49366578
0,0089003
0,37513033
0,29441714
0,15342645
-0,081638575
-0,44260976
0,4637717
-0,27405474
0,049821444
0,34739524
0,46935654
0,20238616
0,48880416
0,2356975
0,4071467
-0,123179756
-0,068687394
0,03581424
0,48402676
0,23266476
0,039645426
-0,040703263
-0,45464996
0,4382147
0,022529215
0,2736588
-0,035383187
-0,46074525
-0,104290634
-0,36992812
0,2723569
-0,46192893
-0,034793876
0,2985893
0,10753776
0,22096543
0,3391057
0,24223723
0,42020944
-0,3498611
0,12175786
-0,05035365
-0,12872864
-0,49311554
-0,06444807
0,21714091
0,35072064
-0,34744754
-0,41133893
0,27675825
0,061893642
0,35434794
0,45823956
-0,0010565711
0,49544612
-0,2427494
0,024509134
0,13576435
-0,4940736
0,36741
0,34209204
0,44668695
0,1416003
0,36100543
-0,42365587
-0,14739342
0,21039511
-0,2563645
-0,25616464
0,18167043
-0,1949741
0,048416585
-0,19486368
0,19113894
-0,3094582
-0,014647713
0,44169706
0,378567
-0,118489794
-0,11378772
0,32588062
-0,047385704
0,4593523
0,289337
-0,05787827
0,4443152
-0,24324012
0,091886714
0,040158622
0,2134278
-0,08582956
0,02500005
0,464868
-0,11492712
-0,3239313
0,3167171
-0,22045447
0,42470232
0,38723037
-0,05872882
0,0010374741
-0,279056
-0,49821597
-0,35049257
-0,25391638
0,3131626
-0,38204655
-0,40691143
0,029274866
-0,15018281
0,2649509
0,20802607
0,14797334
0,30018127
-0,28419742
0,15530662
-0,09279089
-0,021268956
0,48974144
0,0019709338
-0,47775957
0,45657936
-0,30907714
-0,2806002
0,4979085
0,35903856
-0,49574432
0,02625567
0,1885518
0,357883
-0,062158354
0,073055096
0,45371962
-0,27272508
0,36535823
0,315358
-0,23085944
0,21336281
0,33807185
0,29569164
0,49714
-0,49509043
-0,20979358
-0,18856463
0,044619806
-0,28177047
-0,029725175
-0,07553979
-0,3592928
0,3199255
-0,23696004
-0,06296807
-0,45753273
0,23354168
0,06955451
0,2763752
0,49782377
-0,19529974
0,046685502
0,029722234
0,17210816
0,39830574
0,061067525
-0,11275542
0,31488645
-0,46007648
0,42968488
0,2633092
0,21638945
0,06327094
0,29558316
0,3705632
0,4045555
0,18757445
0,09863451
0,060893215
-0,47480282
0,37372965
-0,0959407
0,4585557
0,37346977
-0,32125694
-0,20133476
-0,029596228
0,34367618
0,041441794
-0,35242975
0,4743817
-0,08238525
-0,049862687
0,068446204
0,084406205
0,31113705
0,44687316
-0,44708276
-0,16841498
-0,22820297
-0,26886111
0,297218
-0,46554628
0,42503455
-0,18686415
-0,07021144
0,35884878
-0,17981742
-0,32883924
0,3736959
-0,16318911
-0,3389144
0,45350194
0,48646298
-0,012057367
-0,2922648
-0,042971253
-0,38653415
0,034811452
0,27182057
0,31854826
0,11351847
0,23576245
0,3751099
0,483887
-0,44758812
0,14520419
0,3891208
0,15969835
0,2921907
0,098645955
0,44617972
0,04087741
0,2214178
0,14212057
0,36677465
0,39868242
-0,3486505
0,22385055
0,17880552
-0,47591886
0,27461886
-0,040992472
0,2214932
0,21448293
-0,36595547
-0,063938
-0,16095066
0,16208081
-0,374219
0,36626273
-0,14924094
-0,12695546
-0,052987695
-0,3439069
-0,34424406
0,10388284
0,2804159
0,3438102
-0,06368302
0,28889838
0,17979337
-0,029623562
-0,2553122
0,4001622
0,21080358
-0,07036806
0,122868486
-0,40175742
0,2601648
-0,12932165
-0,035300225
0,36609414
0,059764855
-0,06836142
-0,19848956
0,41922778
-0,14217982
-0,2851072
0,22029053
0,1258803
-0,17582466
-0,30915818
0,11003799
-0,07349849
-0,29682624
-0,24373007
0,03586475
0,2705404
-0,40391374
0,41759697
-0,45555013
0,47156784
-0,29629183
0,056885645
0,343853
-0,052183576
-0,41677496
-0,24303482
-0,28877714
-0,29668072
-0,010404851
0,19716813
-0,39440668
0,47925684
-0,17302285
-0,40907386
-0,3634074
0,23840784
-0,31001556
-0,033234794
0,40765327
0,41238493
0,08037756
0,0954664
-0,033101022
0,017532429
-0,29868227
0,35753265
-0,1584744
-0,43121937
0,20928977
0,04196846
-0,49735627
-0,31513503
0,1366011
0,15367268
0,21595676
-0,23644482
0,27215213
-0,34094647
-0,29128754
0,3072212
0,41150755
-0,4558466
0,027927436
0,35896963
0,13677171
-0,35850677
-0,36607304
-0,38452753
-0,4612329
0,017412772
0,041965596
0,112008914
-0,48912638
-0,3987471
0,0037270058
-0,18740351
0,17273128
0,22591518
0,14150988
0,41010195
-0,37563413
-0,31859764
-0,26364926
-0,42177898
0,016603488
-0,085962035
-0,09128602
0,4263822
-0,15862645
0,49898323
0,17054044
-0,4948423
-0,22189596
0,27477634
-0,2760736
0,12151694
-0,10096709
0,29448742
-0,23397435
0,07275341
0,45175496
-0,47059554
-0,25400504
-0,2793149
-0,4859209
0,062329333
0,1860225
-0,24093732
-0,35297528
-0,24413776
0,038625278
-0,13523132
0,14463632
-0,031676233
-0,2933107
0,3435683
-0,4306158
-0,12863736
0,0476278
0,28711975
-0,29879704
-0,039930783
-0,41366884
0,2861742
0,17701457
0,4985194
0,014370301
0,21233918
0,037388764
-0,08757205
-0,19125865
-0,13751435
0,07862084
-0,1522689
-0,38820678
-0,35880324
0,3331739
0,11211234
0,35599127
0,45800784
0,14598168
0,1791632
-0,18233365
0,16675656
-0,17018211
-0,42014763
0,47090042
-0,057187755
-0,17982817
0,47581047
-0,34746373
0,23895061
-0,06816829
0,32815367
-0,1282301
0,24582799
-0,06729596
-0,49372023
-0,46619767
-0,45911524
-0,4775291
-0,020705277
-0,0036354226
-0,35317618
-0,1352805
0,09849542
0,2677786
0,49397346
0,14949475
-0,13753125
-0,33075193
0,18433048
0,36645117
-0,15106101
0,46412462
-0,31548288
-0,0098873675
-0,42714548
-0,17533143
0,4899324
0,16517252
0,19540188
0,29207557
0,2901327
-0,3823949
0,13494614
-0,43925992
-0,21710296
0,13839816
0,36790696
-0,1858419
-0,28252858
0,16023399
-0,118329026
0,10706135
-0,25952008
-0,4240575
-0,20416586
0,103032656
0,28806975
0,3877986
0,005156867
-0,3424668
0,0885896
-0,35614237
-0,1090155
-0,10704035
-0,3761594
-0,15183704
-0,03495079
0,4067146
-0,29101634
-0,092852496
-0,49622324
0,22799863
-0,18445559
-0,44079503
0,0111278435
0,32081255
-0,23311347
-0,011245144
0,24155204
-0,045999873
0,3125804
-0,36072004
-0,02935502
0,12949795
-0,4859451
-0,40729427
-0,2930242
0,4278137
-0,35769284
0,044621177
0,15793265
-0,110934675
0,49080572
0,47059742
0,1982255
0,43459526
-0,18940094
-0,47768402
-0,30758026
0,24563491
-0,2485574
-0,14186475
0,48694572
0,39093998
0,34677592
0,37547204
-0,029285267
0,32182333
-0,027170936
-0,24658465
-0,030776605
-0,285685
0,18509695
0,1790429
-0,01787345
0,112774946
0,3608376
0,13390243
-0,2648974
0,19316816
-0,36688778
0,31656724
0,14397356
0,024213824
-0,08901525
-0,360039
0,15550418
0,20711645
-0,46311206
-0,22613317
0,49238402
-0,40496323
0,40291858
-0,29372445
-0,4901364
-0,14343232
0,16486098
0,42521223
0,08421791
0,33349013
0,08965365
0,42185068
-0,10813092
-0,4197286
-0,45337936
-0,033099774
0,31949198
0,11097591
-0,060216825
-0,44345543
0,48603624
-0,19010407
-0,36057192
0,27378765
-0,25654343
-0,23892596
-0,3148907
0,37268925
0,045641895
0,2912375
-0,06949381
0,44248605
-0,42921296
-0,1828167
0,4315199
0,38699564
0,39937374
-0,41225415
0,08186065
-0,09932603
0,05626822
0,04228346
0,49733764
-0,39599833
0,089193046
0,23900516
0,42178717
0,029109605
-0,4363582
0,17972413
-0,115647204
-0,27471682
-0,27170357
0,21339303
-0,17288321
0,03278237
0,3749062
-0,3227686
0,13470864
-0,40261346
0,45903087
0,27868757
0,43220097
-0,031292826
0,3412273
0,03242929
-0,032708485
-0,39965257
0,20332195
-0,04432406
-0,07682075
-0,21709093
-0,2715738
-0,24348861
-0,33390287
-0,0407655
-0,2580825
0,38458508
0,028101938
0,42559418
0,07214199
-0,32479376
-0,1178868
0,37226427
0,07173893
-0,3565488
0,445957
-0,39862955
0,28064707
0,44068
0,115548655
-0,21005549
0,48143476
0,23899242
-0,077393316
0,43561047
-0,020802217
-0,17548831
0,34809917
-0,48409387
-0,17816642
-0,11613157
-0,42444557
-0,29525667
-0,12466657
-0,13741837
0,2919846
-0,43995368
0,23376083
0,40239853
0,37381378
-0,14380148
-0,46368453
-0,1448776
0,26400417
0,49587667
0,18550278
-0,1255769
-0,38982517
-0,037393093
0,2797428
0,34179562
0,13931488
0,24487667
-0,27980238
0,36973774
0,41331738
0,31499773
0,008052481
-0,26512888
0,14428559
-0,152594
0,08189955
-0,49686706
-0,48142242
-0,24250184
0,38572767
0,2895767
-0,14490856
0,22471175
0,095542595
-0,31879216
0,20824546
-0,18683499
0,46134496
0,24627797
0,19842705
-0,24283864
-0,4242911
-0,41876164
0,19692145
0,445359
-0,048354007
0,37024447
0,20009445
-0,119119436
-0,08358439
0,34299108
0,32085788
0,13213944
0,43362865
0,1842004
-0,16955307
-0,10508665
0,09678186
0,33566615
0,20090696
-0,22644527
-0,117318444
0,16486692
-0,32400528
-0,024313904
0,09528962
-0,2361416
0,29705888
-0,48336112
